   22  983    0
                    .6691150E+01   -.2415530E+01    .1901946E+01
                    .5859394E+01   -.6371101E+00    .1355027E+01
                    .7169353E+01    .3873112E+00    .1617036E+00
                    .5483641E+01    .4791921E+00    .3029261E+01
                    .3432574E+01   -.1223653E+01   -.4229372E-01
                    .2709116E+01   -.3391558E+01   -.3540542E+00
                    .2100045E+01    .7803424E+00   -.9843761E+00
                    .2593367E+01    .3425741E+01   -.3352014E+00
                    .4589608E+01    .3750573E+01   -.8213252E-01
                    .1962853E+01    .4606742E+01   -.1882711E+01
                    .1582487E+01    .3949326E+01    .1360258E+01
                   -.3620105E+00    .2196450E+00   -.2037127E+01
                   -.8286530E+00    .1599250E+01   -.3477103E+01
                   -.3066046E+00   -.1641358E+01   -.2868308E+01
                   -.2403479E+01    .2781814E+00    .1919750E-02
                   -.1989192E+01    .9870498E+00    .2154880E+01
                   -.4702580E+01   -.4746667E+00   -.8196909E+00
                   -.4899658E+01   -.1120485E+01   -.2577510E+01
                   -.6900317E+01   -.5391745E+00    .8552223E+00
                   -.6308758E+01    .1925409E+00    .2662222E+01
                   -.8414014E+01    .6220224E+00    .1130831E+00
                   -.7580220E+01   -.2455025E+01    .1095876E+01
   -.1177351E-02    .6691150E+01   -.2415530E+01    .5076686E+01
    .3238035E-02    .8557216E+01   -.2415530E+01    .4470365E+01
   -.1088718E-01    .5181472E+01   -.3512375E+01    .4470365E+01
   -.1430089E-02    .7267796E+01   -.4190263E+01    .4470365E+01
    .4732828E-02    .9710507E+01   -.2415530E+01    .2882995E+01
   -.2786882E-01    .5181472E+01   -.5030370E+01    .2882995E+01
   -.6795936E-02    .7215456E+01   -.5389016E+01    .2882995E+01
    .2771029E-02    .9004112E+01   -.4356335E+01    .2882995E+01
    .3446517E-02    .9710507E+01   -.2415530E+01    .9208978E+00
   -.1513031E-01    .7215456E+01   -.5389016E+01    .9208978E+00
   -.5348042E-03    .9004112E+01   -.4356335E+01    .9208978E+00
   -.1541636E-01    .7267796E+01   -.4190263E+01   -.6664720E+00
   -.7111202E-02    .4867288E+01   -.2355488E+01    .4791783E+01
    .5445445E-02    .9296151E+01   -.6371101E+00    .3339239E+01
    .9076462E-02    .8750578E+01    .1220941E+01    .3339239E+01
    .8629271E-03    .8750578E+01   -.2495161E+01   -.6291854E+00
   -.1026812E-02    .6851500E+01   -.2355488E+01   -.2081730E+01
    .1003659E-01    .1018871E+02    .3873112E+00    .1142752E+01
    .1493176E-01    .9482314E+01    .2328116E+01    .1142752E+01
    .2189381E-01    .7693658E+01    .3360797E+01    .1142752E+01
    .1269548E-01    .1018871E+02    .3873112E+00   -.8193449E+00
    .1822182E-01    .9482314E+01    .2328116E+01   -.8193449E+00
    .2580351E-01    .7693658E+01    .3360797E+01   -.8193449E+00
    .5379737E-02    .9482314E+01   -.1553494E+01   -.8193449E+00
    .1355308E-01    .9035418E+01    .3873112E+00   -.2406715E+01
    .1907258E-01    .7745998E+01    .2162045E+01   -.2406715E+01
    .5994002E-02    .7745998E+01   -.1387422E+01   -.2406715E+01
    .1250407E-01    .7169353E+01    .3873112E+00   -.3013036E+01
    .5172485E-02    .5483641E+01    .4791921E+00    .6204001E+01
    .7052892E-02    .7349706E+01    .4791921E+00    .5597679E+01
    .1067364E-01    .6060287E+01    .2253926E+01    .5597679E+01
    .3435185E-02    .3973963E+01    .1576038E+01    .5597679E+01
   -.3215429E-02    .3973963E+01   -.6176535E+00    .5597679E+01
    .3284286E-03    .6060287E+01   -.1295541E+01    .5597679E+01
    .1178883E-01    .7796603E+01    .2419997E+01    .4010309E+01
    .1448270E-01    .6007947E+01    .3452678E+01    .4010309E+01
    .9701595E-02    .3973963E+01    .3094032E+01    .4010309E+01
   -.6010872E-02    .2646374E+01    .1511873E+01    .4010309E+01
   -.8616183E-02    .2646374E+01   -.5534888E+00    .4010309E+01
   -.3073674E-01    .1448361E+01   -.1223653E+01    .3394463E+01
   -.3374050E-01    .2440468E+01   -.2942032E+01    .3394463E+01
   -.1421753E-01    .6323757E+01   -.3081704E+01   -.2026506E+01
   -.3632843E-03    .5416786E+01   -.1223653E+01   -.3479050E+01
   -.3890475E-01    .2709116E+01   -.3391558E+01    .3349809E+01
   -.5288435E-01    .8571844E+00   -.3391558E+01    .2853585E+01
   -.5901559E-01    .1783150E+01   -.4995377E+01    .2853585E+01
   -.5268911E-01    .3635082E+01   -.4995377E+01    .2853585E+01
   -.4810486E-01   -.4985235E+00   -.3391558E+01    .1497877E+01
   -.5968984E-01    .1140811E+00   -.5276961E+01    .1497877E+01
   -.6426677E-01    .1717901E+01   -.6442204E+01    .1497877E+01
   -.6393758E-01    .3700331E+01   -.6442204E+01    .1497877E+01
   -.4660534E-01    .5304151E+01   -.5276961E+01    .1497877E+01
   -.5267517E-01   -.4985235E+00   -.5243489E+01   -.3540542E+00
   -.6101817E-01    .8571844E+00   -.6599197E+01   -.3540542E+00
   -.6455073E-01    .2709116E+01   -.7095421E+01   -.3540542E+00
   -.6298411E-01    .4561047E+01   -.6599197E+01   -.3540542E+00
   -.4802925E-01    .5916755E+01   -.5243489E+01   -.3540542E+00
   -.4650367E-01    .1140811E+00   -.5276961E+01   -.2205986E+01
   -.5792347E-01    .1717901E+01   -.6442204E+01   -.2205986E+01
   -.5981538E-01    .3700331E+01   -.6442204E+01   -.2205986E+01
   -.5156513E-01    .5304151E+01   -.5276961E+01   -.2205986E+01
   -.3383783E-01    .4561047E+01   -.3391558E+01   -.3561694E+01
   -.4649231E-01    .1783150E+01   -.4995377E+01   -.3561694E+01
   -.4975897E-01    .3635082E+01   -.4995377E+01   -.3561694E+01
   -.3355637E-01    .2709116E+01   -.3391558E+01   -.4057917E+01
    .5820550E-02    .5536802E+01    .7803424E+00   -.2968588E+01
   -.1049857E-01    .4084258E+01    .7803424E+00   -.4421133E+01
    .2936248E-02    .3092152E+01    .2498721E+01   -.4421133E+01
   -.1041616E-01    .3092152E+01   -.9380358E+00   -.4421133E+01
    .1425716E-01    .4021047E+01    .6551924E+01    .1649011E+01
    .1611327E-01    .3071707E+01    .7365231E+01   -.3352014E+00
    .6794960E-02   -.1259743E+01    .4375447E+01   -.3352014E+00
    .8180201E-02    .4577579E+01    .3425741E+01   -.3771958E+01
    .1448390E-01    .4589608E+01    .3750573E+01    .3092607E+01
    .1924937E-01    .6455673E+01    .3750573E+01    .2486286E+01
    .1430533E-01    .5166254E+01    .5525307E+01    .2486286E+01
    .2302171E-01    .7608965E+01    .3750573E+01    .8989160E+00
    .1932096E-01    .6902569E+01    .5691378E+01    .8989160E+00
    .1650837E-01    .5113914E+01    .6724059E+01    .8989160E+00
    .2365489E-01    .7608965E+01    .3750573E+01   -.1063181E+01
    .1908115E-01    .6902569E+01    .5691378E+01   -.1063181E+01
    .1718629E-01    .5113914E+01    .6724059E+01   -.1063181E+01
    .1653572E-01    .6455673E+01    .3750573E+01   -.2650551E+01
    .1526053E-01    .5166254E+01    .5525307E+01   -.2650551E+01
    .1574887E-01    .2487159E+01    .7580228E+01   -.9016628E+00
    .1265668E-01    .4531749E+00    .7221582E+01   -.9016628E+00
    .1061315E-01   -.8744141E+00    .5639423E+01   -.9016628E+00
    .1575891E-01    .4275815E+01    .6547548E+01   -.2863760E+01
    .1745312E-01    .2487159E+01    .7580228E+01   -.2863760E+01
    .1839672E-01    .4531749E+00    .7221582E+01   -.2863760E+01
    .2155239E-01   -.8744141E+00    .5639423E+01   -.2863760E+01
    .1336486E-01    .3828918E+01    .4606742E+01   -.4451130E+01
    .1870238E-01    .2539499E+01    .6381476E+01   -.4451130E+01
    .2337262E-01    .4531749E+00    .5703588E+01   -.4451130E+01
    .1063532E-01    .2539499E+01    .2832009E+01   -.4451130E+01
    .1975884E-01    .1962853E+01    .4606742E+01   -.5057451E+01
   -.1030642E-01    .1582487E+01    .3949326E+01    .4534997E+01
    .5347801E-02    .3448553E+01    .3949326E+01    .3928676E+01
    .2842657E-02    .2159133E+01    .5724060E+01    .3928676E+01
   -.1424935E-01    .7280899E-01    .5046172E+01    .3928676E+01
   -.1329816E-01    .2159133E+01    .2174593E+01    .3928676E+01
    .8314250E-02    .2106793E+01    .6922812E+01    .2341306E+01
    .4040633E-03    .7280899E-01    .6564166E+01    .2341306E+01
   -.2367174E-01   -.1254780E+01    .4982007E+01    .2341306E+01
    .6720036E-02    .7280899E-01    .6564166E+01    .3792092E+00
   -.3531362E-02   -.1254780E+01    .4982007E+01    .3792092E+00
    .7095743E-02    .1622202E+01    .2196450E+00   -.5473884E+01
    .2356261E-01   -.2338331E+01    .4214090E+01   -.2496054E+01
    .2851239E-01   -.3043472E+00    .4572736E+01   -.4458151E+01
    .2640791E-01   -.2338331E+01    .4214090E+01   -.4458151E+01
    .2850868E-01   -.3665920E+01    .2631931E+01   -.4458151E+01
    .1598979E-01    .1037412E+01    .1599250E+01   -.6045521E+01
    .2465891E-01   -.2520072E+00    .3373984E+01   -.6045521E+01
    .2802046E-01   -.2338331E+01    .2696096E+01   -.6045521E+01
    .3044987E-01   -.2338331E+01    .5024046E+00   -.6045521E+01
    .1822813E-01   -.2520072E+00   -.1754833E+00   -.6045521E+01
    .2314687E-01   -.8286530E+00    .1599250E+01   -.6651843E+01
   -.5047393E-02   -.1816283E+01   -.4256198E+01   -.1887259E+01
    .1242511E-01   -.1816283E+01   -.4256198E+01   -.3849356E+01
   -.1538271E-01    .2177012E+00   -.4614844E+01   -.3849356E+01
    .3209378E-02    .1559461E+01   -.1641358E+01   -.5436726E+01
    .2511578E-01   -.1816283E+01   -.2738204E+01   -.5436726E+01
    .5398209E-02    .2700412E+00   -.3416092E+01   -.5436726E+01
    .1593004E-01   -.3066046E+00   -.1641358E+01   -.6043048E+01
   -.2264564E-01   -.2892580E+01   -.3123594E+01    .1986132E+01
   -.3921002E-01   -.9757988E+00   -.2848002E+01    .1986132E+01
   -.1856220E-02   -.1925138E+01    .4217672E+01    .1919750E-02
   -.4117603E-02   -.3810702E+01    .3988723E+01    .1919750E-02
   -.1649122E-01   -.1925138E+01   -.3661309E+01    .1919750E-02
    .2318787E-01   -.2892580E+01    .3679957E+01   -.1982293E+01
   -.5703349E-01   -.1989192E+01    .9870498E+00    .5858743E+01
   -.5508598E-01   -.1372602E+00    .9870498E+00    .5362519E+01
   -.5363327E-01   -.1063226E+01    .2590870E+01    .5362519E+01
   -.5398819E-01   -.2915157E+01    .2590870E+01    .5362519E+01
   -.5044026E-01   -.3841123E+01    .9870498E+00    .5362519E+01
   -.5440583E-01   -.2915157E+01   -.6167699E+00    .5362519E+01
   -.5768543E-01   -.1063226E+01   -.6167699E+00    .5362519E+01
   -.4450367E-01    .1218448E+01    .9870498E+00    .4006811E+01
   -.4445549E-01   -.9979766E+00    .4037696E+01    .4006811E+01
   -.4802834E-01   -.2980407E+01    .4037696E+01    .4006811E+01
   -.4210544E-01   -.4584226E+01    .2872453E+01    .4006811E+01
   -.4609661E-01   -.2980407E+01   -.2063597E+01    .4006811E+01
   -.5491709E-01   -.9979766E+00   -.2063597E+01    .4006811E+01
   -.5182813E-01    .6058431E+00   -.8983533E+00    .4006811E+01
   -.3402373E-01   -.1989192E+01    .4690913E+01    .2154880E+01
   -.3496419E-01   -.3841123E+01    .4194689E+01    .2154880E+01
   -.4682329E-01   -.1372602E+00   -.2220590E+01    .2154880E+01
   -.1795002E-01   -.3274900E+01   -.3600850E+01    .1164521E+01
   -.1866088E-02   -.6109803E+01    .3235875E+01   -.8196909E+00
   -.4812398E-02   -.4224239E+01   -.4414157E+01   -.8196909E+00
   -.7217258E-02   -.2448258E+01   -.3740616E+01   -.8196909E+00
    .5480906E-02   -.5191681E+01    .2927109E+01   -.2803903E+01
    .1009751E-01   -.6953177E+01    .2122661E+01   -.2803903E+01
    .3396584E-01   -.7736926E+01   -.8780452E-01   -.3558558E+01
    .3890314E-01   -.7736926E+01   -.2153166E+01   -.3558558E+01
    .3538831E-01   -.6409337E+01   -.3735325E+01   -.3558558E+01
    .2940225E-01   -.4375353E+01   -.4093971E+01   -.3558558E+01
    .4590153E-01   -.3033593E+01   -.1120485E+01   -.5145928E+01
    .4084169E-01   -.4323012E+01    .6542480E+00   -.5145928E+01
    .3921843E-01   -.6409337E+01   -.2363980E-01   -.5145928E+01
    .4320772E-01   -.6409337E+01   -.2217331E+01   -.5145928E+01
    .4200119E-01   -.4323012E+01   -.2895219E+01   -.5145928E+01
    .4475770E-01   -.4899658E+01   -.1120485E+01   -.5752249E+01
    .4495770E-02   -.7892424E+01   -.2257553E+01    .4291979E+01
    .1216717E-01   -.1019786E+02    .4290717E+00    .2839435E+01
    .1273573E-01   -.1019786E+02   -.1507421E+01    .2839435E+01
   -.2158297E-01   -.4009134E+01   -.2397225E+01    .2839435E+01
   -.2335454E-02   -.6421977E+01    .3400316E+01    .8552223E+00
    .1427047E-01   -.1075343E+02   -.1488881E+01    .8552223E+00
    .3633259E-01   -.7892424E+01   -.2257553E+01   -.2581534E+01
   -.5579358E-02   -.6308758E+01    .1925409E+00    .5836961E+01
   -.3511894E-01   -.4442693E+01    .1925409E+00    .5230640E+01
   -.1424662E-01   -.5732112E+01    .1967274E+01    .5230640E+01
    .2874962E-02   -.7818437E+01    .1289386E+01    .5230640E+01
    .3311160E-02   -.7818437E+01   -.9043047E+00    .5230640E+01
   -.9754349E-02   -.5732112E+01   -.1582193E+01    .5230640E+01
   -.1616175E-01   -.5784452E+01    .3166027E+01    .3643270E+01
    .1332224E-02   -.7818437E+01    .2807381E+01    .3643270E+01
    .8821833E-02   -.9146025E+01    .1225222E+01    .3643270E+01
   -.3388935E-01   -.3995797E+01   -.1748264E+01    .3643270E+01
    .9773978E-02   -.9923693E+01    .1718868E+01    .2681501E+01
    .3614489E-02   -.7889709E+01    .3595508E+01    .1094132E+01
    .1052817E-01   -.9923693E+01    .3236862E+01    .1094132E+01
    .1362553E-01   -.1125128E+02    .1654703E+01    .1094132E+01
    .1384295E-01   -.1125128E+02   -.4106584E+00    .1094132E+01
    .8385947E-02   -.7889709E+01    .3595508E+01   -.8679654E+00
    .1430417E-01   -.9923693E+01    .3236862E+01   -.8679654E+00
    .1647550E-01   -.1125128E+02    .1654703E+01   -.8679654E+00
    .1562556E-01   -.1125128E+02   -.4106584E+00   -.8679654E+00
    .1355066E-01   -.7837369E+01    .2396756E+01   -.2455335E+01
    .1818877E-01   -.9923693E+01    .1718868E+01   -.2455335E+01
    .1979539E-01   -.9923693E+01   -.4748231E+00   -.2455335E+01
    .2413421E-01   -.8414014E+01    .6220224E+00   -.3061657E+01
    .3076633E-02   -.7580220E+01   -.2455025E+01    .4270616E+01
    .8326525E-02   -.9089899E+01   -.3551871E+01    .3664294E+01
    .1496684E-02   -.7003574E+01   -.4229759E+01    .3664294E+01
    .1247402E-01   -.1041749E+02   -.3487706E+01    .2076925E+01
    .1139755E-01   -.9089899E+01   -.5069865E+01    .2076925E+01
    .5830098E-02   -.7055914E+01   -.5428511E+01    .2076925E+01
   -.4661605E-02   -.5267259E+01   -.4395831E+01    .2076925E+01
    .1414250E-01   -.1041749E+02   -.3487706E+01    .1148276E+00
    .1412897E-01   -.9089899E+01   -.5069865E+01    .1148276E+00
    .1001804E-01   -.7055914E+01   -.5428511E+01    .1148276E+00
   -.8321019E-03   -.5267259E+01   -.4395831E+01    .1148276E+00
    .1815328E-01   -.9089899E+01   -.3551871E+01   -.1472542E+01
    .1952163E-01   -.7003574E+01   -.4229759E+01   -.1472542E+01
   -.2497364E-02    .6691150E+01   -.2415530E+01    .5530220E+01
    .1118644E-02    .8505287E+01   -.2415530E+01    .5044124E+01
   -.9334595E-02    .5784082E+01   -.3986619E+01    .5044124E+01
   -.2390015E-02    .7598219E+01   -.3986619E+01    .5044124E+01
    .2910276E-02    .9833328E+01   -.2415530E+01    .3716083E+01
   -.2876426E-01    .4149076E+01   -.4262455E+01    .3716083E+01
   -.1763628E-01    .5720164E+01   -.5403918E+01    .3716083E+01
   -.5501604E-02    .7662137E+01   -.5403918E+01    .3716083E+01
    .7373736E-03    .9233225E+01   -.4262455E+01    .3716083E+01
    .2991158E-02    .1031942E+02   -.2415530E+01    .1901946E+01
   -.1943919E-01    .6691150E+01   -.6043804E+01    .1901946E+01
   -.5510462E-02    .8505287E+01   -.5557707E+01    .1901946E+01
    .5095995E-03    .9833328E+01   -.4229667E+01    .1901946E+01
   -.1564603E-01    .7662137E+01   -.5403918E+01    .8780939E-01
   -.3457776E-02    .9233225E+01   -.4262455E+01    .8780939E-01
   -.1294935E-01    .7598219E+01   -.3986619E+01   -.1240231E+01
   -.7958659E-02    .4875488E+01   -.2341285E+01    .5441229E+01
    .3812413E-02    .9405267E+01   -.6371101E+00    .4182767E+01
    .7247365E-02    .8842373E+01    .1279934E+01    .4182767E+01
   -.2313171E-01    .3537341E+01   -.3316902E+01    .4182767E+01
    .4963178E-02    .1028103E+02   -.6371101E+00    .2364236E+01
   -.1457002E-01    .7332403E+01   -.3862550E+01   -.1472713E+01
   -.6851933E-03    .8842373E+01   -.2554154E+01   -.1472713E+01
    .7351832E-02    .1031153E+02    .3873112E+00    .1975841E+01
    .1088864E-01    .9711427E+01    .2234237E+01    .1975841E+01
    .1535385E-01    .8140339E+01    .3375699E+01    .1975841E+01
    .8989933E-02    .1079763E+02    .3873112E+00    .1617036E+00
    .1283315E-01    .1031153E+02    .2201448E+01    .1617036E+00
    .1707247E-01    .8983489E+01    .3529489E+01    .1617036E+00
    .4572336E-02    .1031153E+02   -.1426826E+01    .1617036E+00
    .1021396E-01    .1031153E+02    .3873112E+00   -.1652433E+01
    .1456456E-01    .9711427E+01    .2234237E+01   -.1652433E+01
    .1919825E-01    .8140339E+01    .3375699E+01   -.1652433E+01
    .4604952E-02    .9711427E+01   -.1459614E+01   -.1652433E+01
    .1023132E-01    .8983489E+01    .3873112E+00   -.2980474E+01
    .1417975E-01    .8076421E+01    .1958400E+01   -.2980474E+01
    .1233958E-01    .6262284E+01    .1958400E+01   -.2980474E+01
    .4603787E-02    .8076421E+01   -.1183777E+01   -.2980474E+01
    .8875811E-02    .7169353E+01    .3873112E+00   -.3466570E+01
    .1969518E-02    .5483641E+01    .4791921E+00    .6657535E+01
    .4504204E-02    .7297778E+01    .4791921E+00    .6171438E+01
    .6748251E-02    .6390710E+01    .2050281E+01    .6171438E+01
    .3071171E-02    .4576573E+01    .2050281E+01    .6171438E+01
   -.4318200E-02    .3669504E+01    .4791921E+00    .6171438E+01
   -.4562890E-02    .4576573E+01   -.1091897E+01    .6171438E+01
   -.1308161E-03    .6390710E+01   -.1091897E+01    .6171438E+01
    .5506472E-02    .8625819E+01    .4791921E+00    .4843398E+01
    .8685359E-02    .8025716E+01    .2326118E+01    .4843398E+01
    .1027104E-01    .6454628E+01    .3467580E+01    .4843398E+01
    .7153663E-02    .4512655E+01    .3467580E+01    .4843398E+01
   -.4163575E-02    .2941566E+01    .2326118E+01    .4843398E+01
   -.1632541E-01    .2341464E+01    .4791921E+00    .4843398E+01
   -.1358217E-01    .2941566E+01   -.1367733E+01    .4843398E+01
    .1415890E-01    .7297778E+01    .3621369E+01    .3029261E+01
   -.3225873E-01    .1464762E+01   -.1223653E+01    .4043909E+01
   -.2902266E-01    .2448668E+01   -.2927828E+01    .4043909E+01
   -.1474095E-01    .6415552E+01   -.3140697E+01   -.2870033E+01
   -.4360995E-02    .5400385E+01   -.1223653E+01   -.4128496E+01
   -.3255248E-01    .2709116E+01   -.3391558E+01    .3878932E+01
   -.4515402E-01    .8724920E+00   -.3391558E+01    .3459735E+01
   -.4707268E-01    .1790804E+01   -.4982121E+01    .3459735E+01
   -.4031275E-01    .3627428E+01   -.4982121E+01    .3459735E+01
   -.4566048E-01   -.6003660E+00   -.3391558E+01    .2285170E+01
   -.4927854E-01    .3168876E-01   -.5336822E+01    .2285170E+01
   -.5181480E-01    .1686430E+01   -.6539062E+01    .2285170E+01
   -.4952359E-01    .3731802E+01   -.6539062E+01    .2285170E+01
   -.3663310E-01   -.1297822E+01   -.4379179E+01    .5878738E+00
   -.4706678E-01   -.3798805E+00   -.6128170E+01    .5878738E+00
   -.5163524E-01    .1245712E+01   -.7250236E+01    .5878738E+00
   -.5288135E-01    .3206553E+01   -.7488325E+01    .5878738E+00
   -.4830356E-01    .5053437E+01   -.6787894E+01    .5878738E+00
   -.4139465E-01   -.3798805E+00   -.6128170E+01   -.1295982E+01
   -.4866835E-01    .1245712E+01   -.7250236E+01   -.1295982E+01
   -.5095796E-01    .3206553E+01   -.7488325E+01   -.1295982E+01
   -.4803362E-01    .5053437E+01   -.6787894E+01   -.1295982E+01
   -.3628656E-01    .6363266E+01   -.5309404E+01   -.1295982E+01
   -.3033751E-01    .3168876E-01   -.5336822E+01   -.2993278E+01
   -.4371459E-01    .1686430E+01   -.6539062E+01   -.2993278E+01
   -.4584105E-01    .3731802E+01   -.6539062E+01   -.2993278E+01
   -.3915152E-01    .5386543E+01   -.5336822E+01   -.2993278E+01
   -.2603529E-01    .4545740E+01   -.3391558E+01   -.4167843E+01
   -.3278981E-01    .1790804E+01   -.4982121E+01   -.4167843E+01
   -.3699003E-01    .3627428E+01   -.4982121E+01   -.4167843E+01
   -.2367405E-01    .2709116E+01   -.3391558E+01   -.4587040E+01
    .1591817E-02    .5645919E+01    .7803424E+00   -.3812116E+01
   -.4755717E-02    .4067857E+01    .7803424E+00   -.5070578E+01
    .5202382E-02    .3083951E+01    .2484517E+01   -.5070578E+01
   -.6573368E-02    .3083951E+01   -.9238322E+00   -.5070578E+01
    .1009386E-01    .4066376E+01    .6651180E+01    .2492538E+01
    .1217157E-01    .3577272E+01    .7736513E+01    .6740072E+00
    .9332362E-02    .1609461E+01    .7736513E+01    .6740072E+00
    .7237102E-02    .4561178E+01    .3425741E+01   -.4421404E+01
    .1207065E-01    .5496676E+01    .5321662E+01    .3060045E+01
    .1781572E-01    .7731785E+01    .3750573E+01    .1732004E+01
    .1562984E-01    .7131683E+01    .5597499E+01    .1732004E+01
    .1332643E-01    .5560594E+01    .6738962E+01    .1732004E+01
    .1708560E-01    .7731785E+01    .5564710E+01   -.8213252E-01
    .1509491E-01    .6403745E+01    .6892751E+01   -.8213252E-01
    .1860619E-01    .7731785E+01    .3750573E+01   -.1896269E+01
    .1563629E-01    .7131683E+01    .5597499E+01   -.1896269E+01
    .1456319E-01    .5560594E+01    .6738962E+01   -.1896269E+01
    .1291778E-01    .6403745E+01    .3750573E+01   -.3224310E+01
    .1424427E-01    .3776990E+01    .7748920E+01   -.1882711E+01
    .1360121E-01    .1962853E+01    .8235016E+01   -.1882711E+01
    .1291080E-01    .1487163E+00    .7748920E+01   -.1882711E+01
    .1311345E-01   -.1179324E+01    .6420879E+01   -.1882711E+01
    .1350068E-01    .4504928E+01    .6453668E+01   -.3696848E+01
    .1500300E-01    .2933839E+01    .7595131E+01   -.3696848E+01
    .1625646E-01    .9918671E+00    .7595131E+01   -.3696848E+01
    .1858135E-01   -.5792216E+00    .6453668E+01   -.3696848E+01
    .1204050E-01    .3776990E+01    .4606742E+01   -.5024889E+01
    .1543270E-01    .2869922E+01    .6177831E+01   -.5024889E+01
    .1857900E-01    .1055785E+01    .6177831E+01   -.5024889E+01
    .9617734E-02    .2869922E+01    .3035654E+01   -.5024889E+01
    .1713037E-01    .1962853E+01    .4606742E+01   -.5510985E+01
   -.1220011E-01    .1582487E+01    .3949326E+01    .4988532E+01
    .2276405E-02    .3396624E+01    .3949326E+01    .4502435E+01
    .4115973E-03    .2489556E+01    .5520415E+01    .4502435E+01
   -.8599552E-02    .6754189E+00    .5520415E+01    .4502435E+01
   -.8942145E-02    .2489556E+01    .2378237E+01    .4502435E+01
    .5563900E-02    .2553474E+01    .6937714E+01    .3174395E+01
   -.1632234E-03    .6115012E+00    .6937714E+01    .3174395E+01
   -.1442660E-01   -.9595875E+00    .5796252E+01    .3174395E+01
    .7919313E-02    .1582487E+01    .7577600E+01    .1360258E+01
    .1977339E-02   -.2316495E+00    .7091503E+01    .1360258E+01
   -.9459202E-02   -.1559690E+01    .5763463E+01    .1360258E+01
    .7367455E-02    .1605801E+01    .2196450E+00   -.6123329E+01
    .1805602E-01   -.1799639E+01    .4587638E+01   -.1662966E+01
    .2060687E-01   -.2642790E+01    .4741428E+01   -.3477103E+01
    .1929505E-01   -.3970830E+01    .3413387E+01   -.3477103E+01
    .2327062E-01    .1423332E+00    .4587638E+01   -.5291240E+01
    .2288644E-01   -.1799639E+01    .4587638E+01   -.5291240E+01
    .2396710E-01   -.3370728E+01    .3446176E+01   -.5291240E+01
    .3152472E-01   -.3970830E+01    .1599250E+01   -.5291240E+01
    .1421774E-01    .9854839E+00    .1599250E+01   -.6619280E+01
    .1973333E-01    .7841546E-01    .3170339E+01   -.6619280E+01
    .2274159E-01   -.1735721E+01    .3170339E+01   -.6619280E+01
    .2554584E-01   -.2642790E+01    .1599250E+01   -.6619280E+01
    .2329113E-01   -.1735721E+01    .2816146E-01   -.6619280E+01
    .1478654E-01    .7841546E-01    .2816146E-01   -.6619280E+01
    .1980081E-01   -.8286530E+00    .1599250E+01   -.7105377E+01
    .1508160E-02   -.2120742E+01   -.4783535E+01   -.2868308E+01
   -.2609502E-01   -.3066046E+00   -.5269632E+01   -.2868308E+01
    .2824808E-01   -.2848679E+01   -.3488284E+01   -.4682445E+01
    .5535785E-02   -.1277591E+01   -.4629746E+01   -.4682445E+01
   -.1252553E-01    .6643816E+00   -.4629746E+01   -.4682445E+01
   -.2009037E-01    .2235470E+01   -.3488284E+01   -.4682445E+01
    .3391296E-02    .1507532E+01   -.1641358E+01   -.6010485E+01
    .2682892E-01   -.2120742E+01   -.1641358E+01   -.6010485E+01
    .1488308E-01   -.1213673E+01   -.3212447E+01   -.6010485E+01
    .3282640E-02    .6004639E+00   -.3212447E+01   -.6010485E+01
    .1372812E-01   -.3066046E+00   -.1641358E+01   -.6496582E+01
   -.2862612E-01   -.2908109E+01   -.3231600E+01    .2829659E+01
   -.1192587E-01   -.5160321E+01    .3735152E+01    .1011128E+01
   -.3377554E-01   -.1419573E+01   -.4032591E+01    .1011128E+01
    .6465815E-02   -.3387385E+01    .4588954E+01   -.1007289E+01
   -.4545774E-01   -.1989192E+01    .9870498E+00    .6387866E+01
   -.4399332E-01   -.1525678E+00    .9870498E+00    .5968668E+01
   -.4287463E-01   -.1070880E+01    .2577613E+01    .5968668E+01
   -.4279592E-01   -.2907504E+01    .2577613E+01    .5968668E+01
   -.4011716E-01   -.3825816E+01    .9870498E+00    .5968668E+01
   -.4361604E-01   -.2907504E+01   -.6035131E+00    .5968668E+01
   -.4654418E-01   -.1070880E+01   -.6035131E+00    .5968668E+01
   -.3540545E-01    .1320290E+01    .9870498E+00    .4794103E+01
   -.3328473E-01    .6882354E+00    .2932314E+01    .4794103E+01
   -.3633568E-01   -.9665055E+00    .4134554E+01    .4794103E+01
   -.3869242E-01   -.3011878E+01    .4134554E+01    .4794103E+01
   -.3371452E-01   -.4666619E+01    .2932314E+01    .4794103E+01
   -.3969759E-01   -.3011878E+01   -.2160454E+01    .4794103E+01
   -.4645703E-01   -.9665055E+00   -.2160454E+01    .4794103E+01
   -.4294987E-01    .6882354E+00   -.9582148E+00    .4794103E+01
   -.2754528E-01   -.1491754E+01    .5083817E+01    .3096808E+01
   -.3126049E-01   -.3452595E+01    .4845728E+01    .3096808E+01
   -.2617034E-01   -.5078188E+01    .3723662E+01    .3096808E+01
   -.2755818E-01   -.3452595E+01   -.2871628E+01    .3096808E+01
   -.4099148E-01   -.1491754E+01   -.3109717E+01    .3096808E+01
   -.4775061E-01    .3551300E+00   -.2409286E+01    .3096808E+01
   -.1851657E-01   -.3452595E+01    .4845728E+01    .1212952E+01
   -.4234760E-02   -.5686486E+01    .3836106E+01    .1895177E+00
   -.1231043E-01   -.3718674E+01   -.4785439E+01    .1895177E+00
    .2692362E-02   -.5686486E+01    .3836106E+01   -.1828900E+01
    .1279227E-01   -.5686486E+01   -.4785439E+01   -.1828900E+01
    .2486726E-02   -.3718674E+01   -.4785439E+01   -.1828900E+01
    .1325042E-01   -.5207210E+01    .3035115E+01   -.3647431E+01
    .1492840E-01   -.7024633E+01    .2205126E+01   -.3647431E+01
    .2552474E-01   -.8104821E+01    .5243213E+00   -.3647431E+01
    .2379852E-01   -.6713795E+01   -.4262663E+01   -.2577510E+01
    .1560016E-01   -.4899658E+01   -.4748759E+01   -.2577510E+01
    .2712359E-01   -.7441733E+01    .7264401E+00   -.4391647E+01
    .3229161E-01   -.8041836E+01   -.1120485E+01   -.4391647E+01
    .3271737E-01   -.7441733E+01   -.2967411E+01   -.4391647E+01
    .2959260E-01   -.5870645E+01   -.4108874E+01   -.4391647E+01
    .2675680E-01   -.3928672E+01   -.4108874E+01   -.4391647E+01
    .3745369E-01   -.3085521E+01   -.1120485E+01   -.5719687E+01
    .3652734E-01   -.3992590E+01    .4506033E+00   -.5719687E+01
    .3297177E-01   -.5806727E+01    .4506033E+00   -.5719687E+01
    .3505158E-01   -.6713795E+01   -.1120485E+01   -.5719687E+01
    .3524309E-01   -.5806727E+01   -.2691574E+01   -.5719687E+01
    .3487793E-01   -.3992590E+01   -.2691574E+01   -.5719687E+01
    .3672133E-01   -.4899658E+01   -.1120485E+01   -.6205784E+01
    .1325043E-02   -.7884223E+01   -.2243349E+01    .4941425E+01
    .5068238E-02   -.9222371E+01    .2140618E+01    .3682962E+01
    .8119004E-02   -.1030256E+02    .4598135E+00    .3682962E+01
    .8615870E-02   -.1030256E+02   -.1538162E+01    .3682962E+01
   -.1065428E-01   -.5916412E+01    .3771598E+01    .1864431E+01
    .8112766E-03   -.7884223E+01    .3771598E+01    .1864431E+01
   -.8168726E-02   -.6308758E+01    .1925409E+00    .6290496E+01
   -.2989735E-01   -.4494621E+01    .1925409E+00    .5804399E+01
   -.1885075E-01   -.5401690E+01    .1763630E+01    .5804399E+01
   -.3524786E-02   -.7215827E+01    .1763630E+01    .5804399E+01
    .1170861E-02   -.8122895E+01    .1925409E+00    .5804399E+01
   -.2365918E-02   -.7215827E+01   -.1378548E+01    .5804399E+01
   -.1438157E-01   -.5401690E+01   -.1378548E+01    .5804399E+01
   -.2287935E-01   -.5337772E+01    .3180929E+01    .4476359E+01
   -.4048750E-02   -.7279744E+01    .3180929E+01    .4476359E+01
    .3355657E-02   -.8850833E+01    .2039466E+01    .4476359E+01
   -.1252154E-01   -.5337772E+01   -.2795847E+01    .4476359E+01
   -.9670811E-02   -.6308758E+01    .3820815E+01    .2662222E+01
    .5474248E-02   -.9385001E+01    .3610411E+01    .1927220E+01
    .9190853E-02   -.1095609E+02    .2468948E+01    .1927220E+01
    .1074769E-01   -.1155619E+02    .6220224E+00    .1927220E+01
    .5892546E-02   -.8414014E+01    .4250296E+01    .1130831E+00
    .1001450E-01   -.1022815E+02    .3764200E+01    .1130831E+00
    .1213143E-01   -.1155619E+02    .2436159E+01    .1130831E+00
    .1260481E-01   -.1204229E+02    .6220224E+00    .1130831E+00
    .1241184E-01   -.1155619E+02   -.1192115E+01    .1130831E+00
    .7209523E-02   -.7443028E+01    .3610411E+01   -.1701054E+01
    .1180745E-01   -.9385001E+01    .3610411E+01   -.1701054E+01
    .1405327E-01   -.1095609E+02    .2468948E+01   -.1701054E+01
    .1460065E-01   -.1155619E+02    .6220224E+00   -.1701054E+01
    .1473065E-01   -.1095609E+02   -.1224903E+01   -.1701054E+01
    .1584626E-01   -.9321083E+01    .2193111E+01   -.3029094E+01
    .1746457E-01   -.1022815E+02    .6220224E+00   -.3029094E+01
    .2253399E-01   -.9321083E+01   -.9490662E+00   -.3029094E+01
    .2348891E-01   -.8414014E+01    .6220224E+00   -.3515191E+01
    .6354734E-02   -.9394357E+01   -.2455025E+01    .4238053E+01
    .3688957E-02   -.8487289E+01   -.4026114E+01    .4238053E+01
   -.2812254E-02   -.6673152E+01   -.4026114E+01    .4238053E+01
    .9709757E-02   -.1072240E+02   -.2455025E+01    .2910013E+01
    .8608666E-02   -.1012230E+02   -.4301951E+01    .2910013E+01
    .6068058E-02   -.8551206E+01   -.5443414E+01    .2910013E+01
    .9299468E-04   -.6609234E+01   -.5443414E+01    .2910013E+01
   -.9163624E-02   -.5038145E+01   -.4301951E+01    .2910013E+01
    .1149266E-01   -.1120849E+02   -.2455025E+01    .1095876E+01
    .1103560E-01   -.1072240E+02   -.4269162E+01    .1095876E+01
    .9937634E-02   -.9394357E+01   -.5597203E+01    .1095876E+01
    .6505369E-02   -.7580220E+01   -.6083299E+01    .1095876E+01
   -.2997216E-03   -.5766083E+01   -.5597203E+01    .1095876E+01
    .1329938E-01   -.1072240E+02   -.2455025E+01   -.7182608E+00
    .1307517E-01   -.1012230E+02   -.4301951E+01   -.7182608E+00
    .1211115E-01   -.8551206E+01   -.5443414E+01   -.7182608E+00
    .8783199E-02   -.6609234E+01   -.5443414E+01   -.7182608E+00
    .1887192E-01   -.8487289E+01   -.4026114E+01   -.2046301E+01
    .2471363E-03    .8732055E+01   -.2415530E+01    .5436896E+01
   -.1045733E-01    .5670698E+01   -.4183005E+01    .5436896E+01
   -.3675389E-02    .7711602E+01   -.4183005E+01    .5436896E+01
    .1959147E-02    .1022610E+02   -.2415530E+01    .3942850E+01
   -.2762706E-01    .4376251E+01   -.5087066E+01    .3942850E+01
   -.1515669E-01    .6188075E+01   -.5914499E+01    .3942850E+01
   -.5548015E-02    .8159622E+01   -.5631033E+01    .3942850E+01
   -.4216379E-03    .9664939E+01   -.4326668E+01    .3942850E+01
    .2266564E-02    .1077296E+02   -.2415530E+01    .1901946E+01
   -.1652787E-01    .7183158E+01   -.6467577E+01    .1901946E+01
   -.5720743E-02    .9009882E+01   -.5774792E+01    .1901946E+01
   -.5186745E-03    .1030541E+02   -.4312441E+01    .1901946E+01
   -.1349816E-01    .8159622E+01   -.5631033E+01   -.1389577E+00
   -.3723964E-02    .9664939E+01   -.4326668E+01   -.1389577E+00
   -.8122403E-02    .4883119E+01   -.2328068E+01    .6068901E+01
   -.2835974E-02    .6835669E+01   -.2328068E+01    .6068901E+01
    .2762363E-02    .9467237E+01   -.6371101E+00    .4962870E+01
   -.2028935E-01    .2397694E+01   -.1653557E+01    .4962870E+01
   -.2018455E-01    .3496759E+01   -.3363736E+01    .4962870E+01
    .3758197E-02    .1057327E+02   -.6371101E+00    .3307577E+01
    .6536496E-02    .1010645E+02    .1408163E+01    .3307577E+01
    .9797294E-02    .8798446E+01    .3048345E+01    .3307577E+01
    .4998079E-02    .1096165E+02   -.6371101E+00    .1355027E+01
    .4659146E-03    .1010645E+02   -.2682383E+01   -.5975236E+00
   -.1480699E-01    .7358146E+01   -.3918919E+01   -.2252816E+01
   -.1473082E-02    .8894504E+01   -.2587657E+01   -.2252816E+01
    .9178130E-02    .1014314E+02    .2298449E+01    .2202608E+01
    .1287651E-01    .8637824E+01    .3602814E+01    .2202608E+01
    .7358179E-02    .1125116E+02    .3873112E+00    .1617036E+00
    .1060163E-01    .1078361E+02    .2284222E+01    .1617036E+00
    .1418060E-01    .9488084E+01    .3746573E+01    .1617036E+00
    .3749297E-02    .1078361E+02   -.1509600E+01    .1617036E+00
    .8205017E-02    .1070430E+02    .3873112E+00   -.1879200E+01
    .1189505E-01    .1014314E+02    .2298449E+01   -.1879200E+01
    .1574197E-01    .8637824E+01    .3602814E+01   -.1879200E+01
    .3557058E-02    .1014314E+02   -.1523827E+01   -.1879200E+01
    .8056715E-02    .9210257E+01    .3873112E+00   -.3373246E+01
    .1182477E-01    .8189805E+01    .2154786E+01   -.3373246E+01
    .2354467E-02    .8189805E+01   -.1380164E+01   -.3373246E+01
    .6400362E-02    .7169353E+01    .3873112E+00   -.3920105E+01
   -.9126296E-04    .5483641E+01    .4791921E+00    .7111069E+01
    .2952078E-02    .7524545E+01    .4791921E+00    .6564211E+01
    .4670422E-02    .6504093E+01    .2246667E+01    .6564211E+01
    .4915733E-03    .4463189E+01    .2246667E+01    .6564211E+01
   -.7196232E-02    .3442737E+01    .4791921E+00    .6564211E+01
   -.6561463E-02    .4463189E+01   -.1288283E+01    .6564211E+01
   -.1465345E-02    .6504093E+01   -.1288283E+01    .6564211E+01
    .7017175E-02    .8457430E+01    .2390330E+01    .5070165E+01
    .8386985E-02    .6952112E+01    .3694695E+01    .5070165E+01
    .6439160E-02    .4980566E+01    .3978161E+01    .5070165E+01
   -.1976412E-02    .3168742E+01    .3150729E+01    .5070165E+01
   -.1858319E-01    .2091882E+01    .1475102E+01    .5070165E+01
   -.2155135E-01    .2091882E+01   -.5167183E+00    .5070165E+01
    .1254527E-01    .7802373E+01    .3838454E+01    .3029261E+01
   -.3097921E-01    .1480023E+01   -.1223653E+01    .4671580E+01
   -.2568236E-01    .2456298E+01   -.2914612E+01    .4671580E+01
    .1526530E-02    .7040416E+01   -.1223653E+01   -.3650136E+01
   -.1338319E-01    .6467684E+01   -.3174200E+01   -.3650136E+01
   -.5185776E-02    .5385124E+01   -.1223653E+01   -.4756167E+01
   -.4074218E-01    .6429140E+00   -.3391558E+01    .3936458E+01
   -.3949922E-01    .1676015E+01   -.5180941E+01    .3936458E+01
   -.3277667E-01    .3742217E+01   -.5180941E+01    .3936458E+01
   -.4034803E-01   -.8632368E+00   -.4440495E+01    .2615072E+01
   -.4207893E-01    .2709599E+00   -.6205340E+01    .2615072E+01
   -.4285816E-01    .2179254E+01   -.7076828E+01    .2615072E+01
   -.3881452E-01    .4255775E+01   -.6778270E+01    .2615072E+01
   -.3387342E-01   -.1473824E+01   -.5405956E+01    .7056148E+00
   -.4018268E-01   -.1855686E+00   -.7021377E+01    .7056148E+00
   -.4321539E-01    .1676015E+01   -.7917869E+01    .7056148E+00
   -.4302343E-01    .3742217E+01   -.7917869E+01    .7056148E+00
   -.3738731E-01    .5603800E+01   -.7021377E+01    .7056148E+00
   -.2370408E-01   -.1473824E+01   -.5405956E+01   -.1413723E+01
   -.3560159E-01   -.1855686E+00   -.7021377E+01   -.1413723E+01
   -.4068273E-01    .1676015E+01   -.7917869E+01   -.1413723E+01
   -.4162094E-01    .3742217E+01   -.7917869E+01   -.1413723E+01
   -.3783171E-01    .5603800E+01   -.7021377E+01   -.1413723E+01
   -.2733272E-01    .6892056E+01   -.5405956E+01   -.1413723E+01
   -.2811807E-01    .2709599E+00   -.6205340E+01   -.3323181E+01
   -.3618737E-01    .2179254E+01   -.7076828E+01   -.3323181E+01
   -.3662155E-01    .4255775E+01   -.6778270E+01   -.3323181E+01
   -.3015368E-01    .5841243E+01   -.5404454E+01   -.3323181E+01
   -.1996958E-01    .4775318E+01   -.3391558E+01   -.4644567E+01
   -.2433913E-01    .1676015E+01   -.5180941E+01   -.4644567E+01
   -.2896883E-01    .3742217E+01   -.5180941E+01   -.4644567E+01
   -.1690386E-01    .2709116E+01   -.3391558E+01   -.5116164E+01
    .7871254E-03    .5707888E+01    .7803424E+00   -.4592219E+01
   -.1227803E-02    .4052596E+01    .7803424E+00   -.5698250E+01
    .6621226E-02    .3076321E+01    .2471301E+01   -.5698250E+01
   -.3500815E-02    .3076321E+01   -.9106159E+00   -.5698250E+01
    .7354416E-02    .4092119E+01    .6707550E+01    .3272641E+01
    .9169440E-02    .3642302E+01    .8021428E+01    .1617349E+01
    .1197039E-01    .4545917E+01    .8139614E+01   -.3352014E+00
    .1065298E-01    .2593367E+01    .8528001E+01   -.3352014E+00
    .5554781E-02   -.1014476E+01    .7033583E+01   -.3352014E+00
    .1957797E-02   -.2120507E+01    .5378291E+01   -.3352014E+00
    .1298168E-01    .5532419E+01    .7111195E+01   -.2287752E+01
    .9619512E-02    .6201209E+01    .3425741E+01   -.3943044E+01
    .1127022E-01    .5628477E+01    .5376288E+01   -.3943044E+01
    .7096865E-02    .4545917E+01    .3425741E+01   -.5049075E+01
    .1014685E-01    .5610060E+01    .5518048E+01    .3452817E+01
    .1345047E-01    .7563397E+01    .5661711E+01    .1958772E+01
    .1164458E-01    .6058079E+01    .6966076E+01    .1958772E+01
    .1479378E-01    .8203869E+01    .5647484E+01   -.8213252E-01
    .1321867E-01    .6908339E+01    .7109835E+01   -.8213252E-01
    .1623127E-01    .8124557E+01    .3750573E+01   -.2123037E+01
    .1377703E-01    .7563397E+01    .5661711E+01   -.2123037E+01
    .1299142E-01    .6058079E+01    .6966076E+01   -.2123037E+01
    .1136687E-01    .6630512E+01    .3750573E+01   -.3617082E+01
    .1194758E-01    .2454861E+01    .8658790E+01   -.1882711E+01
    .1123800E-01    .5154242E+00    .8423299E+01   -.1882711E+01
    .1087596E-01   -.1092424E+01    .7313482E+01   -.1882711E+01
    .1315039E-01   -.2000345E+01    .5583583E+01   -.1882711E+01
    .1211845E-01    .4936642E+01    .6517880E+01   -.3923615E+01
    .1296048E-01    .3431324E+01    .7822246E+01   -.3923615E+01
    .1381330E-01    .1459778E+01    .8105711E+01   -.3923615E+01
    .1527916E-01   -.3520464E+00    .7278279E+01   -.3923615E+01
    .1070539E-01    .4003757E+01    .4606742E+01   -.5417661E+01
    .1357153E-01    .2983305E+01    .6374217E+01   -.5417661E+01
    .1643802E-01    .9424013E+00    .6374217E+01   -.5417661E+01
    .1530192E-01    .1962853E+01    .4606742E+01   -.5964519E+01
   -.1288361E-01    .1582487E+01    .3949326E+01    .5442066E+01
    .1877294E-02    .3623391E+01    .3949326E+01    .4895207E+01
   -.5677195E-03    .2602939E+01    .5716801E+01    .4895207E+01
   -.9536695E-02    .5620354E+00    .5716801E+01    .4895207E+01
    .5209000E-02    .3050959E+01    .7164829E+01    .3401162E+01
    .7998857E-03    .1079412E+01    .7448295E+01    .3401162E+01
   -.8233801E-02   -.7324122E+00    .6620863E+01    .3401162E+01
    .3401122E-02    .1350583E+00    .7765883E+01    .1360258E+01
   -.4050609E-02   -.1472790E+01    .6656066E+01    .1360258E+01
    .7586188E-02    .1590540E+01    .2196450E+00   -.6751001E+01
    .1814238E-01   -.2276082E+01    .5415807E+01   -.3477103E+01
    .1656658E-01   -.3883930E+01    .4305990E+01   -.3477103E+01
    .2006961E-01   -.1331729E+01    .5098219E+01   -.5518007E+01
    .2024593E-01   -.3143553E+01    .4270787E+01   -.5518007E+01
    .2395042E-01   -.4220412E+01    .2595161E+01   -.5518007E+01
    .1212160E-01    .1212251E+01    .1599250E+01   -.7012052E+01
    .1715579E-01    .1917990E+00    .3366725E+01   -.7012052E+01
    .1990991E-01   -.1849105E+01    .3366725E+01   -.7012052E+01
    .2299500E-01   -.2869557E+01    .1599250E+01   -.7012052E+01
    .2120363E-01   -.1849105E+01   -.1682246E+00   -.7012052E+01
    .1738732E-01   -.8286530E+00    .1599250E+01   -.7558911E+01
   -.7756575E-02   -.1754034E+01   -.5457915E+01   -.2868308E+01
    .1653553E-01   -.2621504E+01   -.4312895E+01   -.4909212E+01
   -.1588329E-02   -.8096804E+00   -.5140327E+01   -.4909212E+01
   -.1636100E-01    .1161867E+01   -.4856861E+01   -.4909212E+01
    .2305662E-02    .1734299E+01   -.1641358E+01   -.6403257E+01
    .2497948E-01   -.2347509E+01   -.1641358E+01   -.6403257E+01
    .1276836E-01   -.1327057E+01   -.3408833E+01   -.6403257E+01
    .1629471E-02    .7138474E+00   -.3408833E+01   -.6403257E+01
    .1225079E-01   -.3066046E+00   -.1641358E+01   -.6950116E+01
   -.3659899E-01   -.1354543E+01   -.4317506E+01    .1954470E+01
   -.1953343E-02   -.2403479E+01    .5380442E+01    .1919750E-02
   -.3702346E-02   -.4356029E+01    .4992055E+01    .1919750E-02
    .1114024E-01   -.3452415E+01    .4873868E+01   -.1950631E+01
   -.3687484E-01   -.1989192E+01    .9870498E+00    .6916989E+01
   -.3528498E-01    .7701019E-01    .9870498E+00    .6445392E+01
   -.3428884E-01   -.9560907E+00    .2776433E+01    .6445392E+01
   -.3416652E-01   -.3022293E+01    .2776433E+01    .6445392E+01
   -.3148583E-01   -.4055394E+01    .9870498E+00    .6445392E+01
   -.3520307E-01   -.3022293E+01   -.8023335E+00    .6445392E+01
   -.3824159E-01   -.9560907E+00   -.8023335E+00    .6445392E+01
   -.2557572E-01    .1733975E+01    .9870498E+00    .5124006E+01
   -.2705070E-01   -.4425322E+00    .4373762E+01    .5124006E+01
   -.3020249E-01   -.2519054E+01    .4672320E+01    .5124006E+01
   -.2843060E-01   -.4427348E+01    .3800832E+01    .5124006E+01
   -.3495903E-01   -.2519054E+01   -.2698221E+01    .5124006E+01
   -.3971876E-01   -.4425322E+00   -.2399662E+01    .5124006E+01
   -.3384886E-01    .1142936E+01   -.1025846E+01    .5124006E+01
   -.2337254E-01   -.3022293E+01    .5513361E+01    .3214549E+01
   -.2175907E-01   -.4883876E+01    .4616869E+01    .3214549E+01
   -.4092614E-01   -.9560907E+00   -.3539261E+01    .3214549E+01
   -.1221431E-01   -.3022293E+01    .5513361E+01    .1095211E+01
   -.1166586E-01   -.4883876E+01    .4616869E+01    .1095211E+01
   -.1474772E-01   -.3653644E+01   -.5070354E+01    .1132860E+01
   -.1199362E-02   -.4702580E+01   -.5576927E+01   -.8196909E+00
   -.1302917E-01   -.2750029E+01   -.5188540E+01   -.8196909E+00
    .7645701E-02   -.5751515E+01    .4121020E+01   -.2772241E+01
    .2230229E-01   -.7641632E+01   -.4160122E+01   -.2772241E+01
    .8087050E-02   -.3653644E+01   -.5070354E+01   -.2772241E+01
    .1711702E-01   -.5216029E+01    .3096453E+01   -.4427534E+01
    .1736090E-01   -.7065214E+01    .2251959E+01   -.4427534E+01
    .2417407E-01   -.8164280E+01    .5417800E+00   -.4427534E+01
    .2602997E-01   -.8291418E+01   -.1245750E+00   -.4618414E+01
    .2770248E-01   -.8291418E+01   -.2116396E+01   -.4618414E+01
    .2634556E-01   -.7214558E+01   -.3792022E+01   -.4618414E+01
    .2293556E-01   -.5402734E+01   -.4619454E+01   -.4618414E+01
    .2081654E-01   -.3431187E+01   -.4335989E+01   -.4618414E+01
    .3164060E-01   -.3879206E+01    .6469894E+00   -.6112459E+01
    .2819025E-01   -.5920110E+01    .6469894E+00   -.6112459E+01
    .2946581E-01   -.6940562E+01   -.1120485E+01   -.6112459E+01
    .2918985E-01   -.5920110E+01   -.2887960E+01   -.6112459E+01
    .2860327E-01   -.3879206E+01   -.2887960E+01   -.6112459E+01
    .3083097E-01   -.4899658E+01   -.1120485E+01   -.6659318E+01
   -.7604038E-03   -.7876593E+01   -.2230133E+01    .5569096E+01
    .5523469E-02   -.1036202E+02    .4772723E+00    .4463065E+01
    .5796738E-02   -.1036202E+02   -.1555621E+01    .4463065E+01
   -.1066802E-01   -.5401565E+01   -.3820984E+01    .4463065E+01
   -.1166803E-02   -.7949253E+01    .4056513E+01    .2807773E+01
    .8624276E-02   -.1161419E+02   -.5391745E+00    .2807773E+01
   -.1690928E-01   -.3961265E+01   -.4224629E+01    .2807773E+01
   -.1394174E-02   -.6900317E+01    .4563086E+01    .8552223E+00
    .1240509E-01   -.1114737E+02   -.2584448E+01   -.1097328E+01
    .1669959E-01   -.1036202E+02   -.1555621E+01   -.2752621E+01
    .1891686E-01   -.9262952E+01   -.3265800E+01   -.2752621E+01
    .2481358E-01   -.8852868E+01   -.5391745E+00   -.3858651E+01
   -.9420244E-02   -.6308758E+01    .1925409E+00    .6744030E+01
   -.1951172E-01   -.5288306E+01    .1960016E+01    .6197171E+01
   -.4854314E-02   -.7329210E+01    .1960016E+01    .6197171E+01
   -.2412734E-03   -.8349662E+01    .1925409E+00    .6197171E+01
   -.3527376E-02   -.7329210E+01   -.1574934E+01    .6197171E+01
   -.1524979E-01   -.5288306E+01   -.1574934E+01    .6197171E+01
   -.8170486E-02   -.6811834E+01    .3691510E+01    .4703126E+01
    .2872566E-03   -.8623658E+01    .2864078E+01    .4703126E+01
   -.1360526E-01   -.5816751E+01    .4244588E+01    .2662222E+01
    .2727484E-02   -.8917090E+01    .4120991E+01    .2153987E+01
    .6625455E-02   -.1072891E+02    .3293559E+01    .2153987E+01
    .8576194E-02   -.1180577E+02    .1617933E+01    .2153987E+01
    .3591912E-02   -.7922007E+01    .4674070E+01    .1130831E+00
    .7458493E-02   -.9861444E+01    .4438579E+01    .1130831E+00
    .9728470E-02   -.1146929E+02    .3328762E+01    .1130831E+00
    .1073225E-01   -.1237721E+02    .1598863E+01    .1130831E+00
    .1096840E-01   -.1237721E+02   -.3548182E+00    .1130831E+00
    .9611997E-02   -.8917090E+01    .4120991E+01   -.1927821E+01
    .1171236E-01   -.1072891E+02    .3293559E+01   -.1927821E+01
    .1271230E-01   -.1180577E+02    .1617933E+01   -.1927821E+01
    .1311111E-01   -.1180577E+02   -.3738879E+00   -.1927821E+01
    .1458011E-01   -.9434467E+01    .2389497E+01   -.3421866E+01
    .1608703E-01   -.1045492E+02    .6220224E+00   -.3421866E+01
    .2074795E-02   -.8600672E+01   -.4222500E+01    .4630826E+01
   -.4494082E-02   -.6559768E+01   -.4222500E+01    .4630826E+01
    .7563352E-02   -.1097198E+02   -.3450936E+01    .3136780E+01
    .6120165E-02   -.9895120E+01   -.5126562E+01    .3136780E+01
    .2863774E-02   -.8083296E+01   -.5953994E+01    .3136780E+01
   -.3413165E-02   -.6111749E+01   -.5670529E+01    .3136780E+01
    .9760809E-02   -.1154342E+02   -.3431866E+01    .1095876E+01
    .8988958E-02   -.1063550E+02   -.5161765E+01    .1095876E+01
    .7170825E-02   -.9027649E+01   -.6271582E+01    .1095876E+01
    .3213529E-02   -.7088213E+01   -.6507073E+01    .1095876E+01
   -.3871709E-02   -.5261489E+01   -.5814288E+01    .1095876E+01
    .1199640E-01   -.1097198E+02   -.3450936E+01   -.9450280E+00
    .1136139E-01   -.9895120E+01   -.5126562E+01   -.9450280E+00
    .9754770E-02   -.8083296E+01   -.5953994E+01   -.9450280E+00
    .6291969E-02   -.6111749E+01   -.5670529E+01   -.9450280E+00
    .1788575E-01   -.8600672E+01   -.4222500E+01   -.2439073E+01
   -.6775753E-03    .8658962E+01   -.2415530E+01    .5988149E+01
   -.9807190E-02    .5707245E+01   -.4119704E+01    .5988149E+01
   -.4388060E-02    .7675056E+01   -.4119704E+01    .5988149E+01
    .1003463E-02    .1023702E+02   -.2415530E+01    .4729686E+01
   -.2185443E-01    .4369097E+01   -.5095322E+01    .4729686E+01
   -.1331832E-01    .6186520E+01   -.5925311E+01    .4729686E+01
   -.5905504E-02    .8164160E+01   -.5640970E+01    .4729686E+01
   -.1445941E-02    .9674129E+01   -.4332574E+01    .4729686E+01
    .1725607E-02    .1111278E+02   -.2415530E+01    .2911155E+01
   -.2433292E-01    .5707245E+01   -.6726302E+01    .2911155E+01
   -.1176218E-01    .7675056E+01   -.6726302E+01    .2911155E+01
   -.4625331E-02    .9447993E+01   -.5872501E+01    .2911155E+01
   -.6865068E-03    .1067490E+02   -.4334004E+01    .2911155E+01
   -.1660721E-01    .7675056E+01   -.6726302E+01    .8927377E+00
   -.6811005E-02    .9447993E+01   -.5872501E+01    .8927377E+00
   -.1677800E-02    .1067490E+02   -.4334004E+01    .8927377E+00
   -.1491206E-01    .8164160E+01   -.5640970E+01   -.9257934E+00
   -.4960644E-02    .9674129E+01   -.4332574E+01   -.9257934E+00
   -.8122861E-02    .4889907E+01   -.2316310E+01    .6682312E+01
   -.3458943E-02    .6828881E+01   -.2316310E+01    .6682312E+01
    .1869115E-02    .9503471E+01   -.6371101E+00    .5697869E+01
   -.1975027E-01    .2362927E+01   -.1663765E+01    .5697869E+01
   -.1783763E-01    .3473031E+01   -.3391120E+01    .5697869E+01
    .2822963E-02    .1076905E+02   -.6371101E+00    .4189616E+01
    .4995723E-02    .1034458E+02    .1359825E+01    .4189616E+01
    .7476665E-02    .9144593E+01    .3011473E+01    .4189616E+01
    .3713155E-02    .1144244E+02   -.6371101E+00    .2339469E+01
    .6482175E-02    .1106543E+02    .1379720E+01    .2339469E+01
    .1116694E-02    .1106543E+02   -.2653941E+01    .3705845E+00
   -.6840620E-02    .9144593E+01   -.4285693E+01   -.1479562E+01
    .1119840E-03    .1034458E+02   -.2634046E+01   -.1479562E+01
   -.2063347E-02    .8924987E+01   -.2607247E+01   -.2987815E+01
    .5780704E-02    .1159098E+02    .3873112E+00    .1170912E+01
    .8358685E-02    .1115311E+02    .2305785E+01    .1170912E+01
    .1121427E-01    .9926195E+01    .3844282E+01    .1170912E+01
    .6492146E-02    .1159098E+02    .3873112E+00   -.8475050E+00
    .9340424E-02    .1115311E+02    .2305785E+01   -.8475050E+00
    .1233992E-01    .9926195E+01    .3844282E+01   -.8475050E+00
    .3181507E-02    .1115311E+02   -.1531163E+01   -.8475050E+00
    .6783477E-02    .1071523E+02    .3873112E+00   -.2666036E+01
    .1001508E-01    .1015233E+02    .2304355E+01   -.2666036E+01
    .1309002E-01    .8642362E+01    .3612751E+01   -.2666036E+01
    .2648649E-02    .1015233E+02   -.1529733E+01   -.2666036E+01
    .6361226E-02    .9137164E+01    .3873112E+00   -.3924499E+01
    .9479845E-02    .8153258E+01    .2091486E+01   -.3924499E+01
    .1354889E-02    .8153258E+01   -.1316863E+01   -.3924499E+01
    .4675470E-02    .7169353E+01    .3873112E+00   -.4373639E+01
   -.1497151E-02    .5483641E+01    .4791921E+00    .7564603E+01
    .1531218E-02    .7451453E+01    .4791921E+00    .7115463E+01
    .2623617E-02    .6467547E+01    .2183367E+01    .7115463E+01
   -.1304948E-02    .4499736E+01    .2183367E+01    .7115463E+01
   -.7651882E-02    .3515830E+01    .4791921E+00    .7115463E+01
   -.6871982E-02    .4499736E+01   -.1224982E+01    .7115463E+01
   -.2250655E-02    .6467547E+01   -.1224982E+01    .7115463E+01
    .5228746E-02    .8466620E+01    .2396236E+01    .5857001E+01
    .5903940E-02    .6956650E+01    .3704632E+01    .5857001E+01
    .3606315E-02    .4979011E+01    .3988974E+01    .5857001E+01
   -.4273061E-02    .3161588E+01    .3158984E+01    .5857001E+01
   -.1747277E-01    .2081401E+01    .1478180E+01    .5857001E+01
   -.2041178E-01    .2081401E+01   -.5197959E+00    .5857001E+01
    .9008397E-02    .8240484E+01    .3936163E+01    .4038470E+01
    .9801670E-02    .6467547E+01    .4789964E+01    .4038470E+01
   -.4455150E-03    .7076651E+01   -.1223653E+01   -.4385136E+01
   -.1157797E-01    .6498167E+01   -.3193790E+01   -.4385136E+01
   -.4721549E-02    .5371547E+01   -.1223653E+01   -.5369578E+01
   -.1331979E-01    .4402060E+01   -.2902853E+01   -.5369578E+01
   -.3600746E-01    .6842487E+00   -.3391558E+01    .4534407E+01
   -.3315809E-01    .1696682E+01   -.5145144E+01    .4534407E+01
   -.2695846E-01    .3721549E+01   -.5145144E+01    .4534407E+01
   -.3583186E-01   -.5310892E+00   -.5262291E+01    .3387412E+01
   -.3590100E-01    .8383826E+00   -.6631763E+01    .3387412E+01
   -.3493475E-01    .2709116E+01   -.7133024E+01    .3387412E+01
   -.2985313E-01    .4579849E+01   -.6631763E+01    .3387412E+01
   -.3241696E-01   -.1245733E+01   -.6264923E+01    .1670813E+01
   -.3546751E-01    .2648850E+00   -.7625090E+01    .1670813E+01
   -.3661441E-01    .2198132E+01   -.8253240E+01    .1670813E+01
   -.3491949E-01    .4219734E+01   -.8040761E+01    .1670813E+01
   -.2826815E-01    .5980135E+01   -.7024393E+01    .1670813E+01
   -.2524761E-01   -.1789581E+01   -.6177033E+01   -.3540542E+00
   -.3162995E-01   -.4795643E+00   -.7614053E+01   -.3540542E+00
   -.3501040E-01    .1261101E+01   -.8480801E+01   -.3540542E+00
   -.3590844E-01    .3197329E+01   -.8660219E+01   -.3540542E+00
   -.3399711E-01    .5067621E+01   -.8128075E+01   -.3540542E+00
   -.2812316E-01    .6619384E+01   -.6956238E+01   -.3540542E+00
   -.1957102E-01   -.1245733E+01   -.6264923E+01   -.2378921E+01
   -.2901929E-01    .2648850E+00   -.7625090E+01   -.2378921E+01
   -.3294205E-01    .2198132E+01   -.8253240E+01   -.2378921E+01
   -.3319874E-01    .4219734E+01   -.8040761E+01   -.2378921E+01
   -.2968606E-01    .5980135E+01   -.7024393E+01   -.2378921E+01
   -.2176397E-01    .7174948E+01   -.5379874E+01   -.2378921E+01
   -.2357659E-01    .8383826E+00   -.6631763E+01   -.4095521E+01
   -.2864384E-01    .2709116E+01   -.7133024E+01   -.4095521E+01
   -.2827706E-01    .4579849E+01   -.6631763E+01   -.4095521E+01
   -.2311496E-01    .5949321E+01   -.5262291E+01   -.4095521E+01
   -.1560060E-01    .4733983E+01   -.3391558E+01   -.5242516E+01
   -.1748087E-01    .1696682E+01   -.5145144E+01   -.5242516E+01
   -.2199314E-01    .3721549E+01   -.5145144E+01   -.5242516E+01
    .9267488E-03    .5744123E+01    .7803424E+00   -.5327218E+01
    .8762378E-03    .4039018E+01    .7803424E+00   -.6311661E+01
    .7263171E-02    .3069532E+01    .2459542E+01   -.6311661E+01
    .8527038E-02    .5658960E+01    .5395877E+01    .4007641E+01
    .5224384E-02    .4107171E+01    .6740510E+01    .4007641E+01
    .7365183E-02    .4110533E+01    .8095097E+01    .2499388E+01
    .1010353E-01    .5081946E+01    .8423482E+01    .6492410E+00
    .8396436E-02    .3108505E+01    .8984975E+01    .6492410E+00
    .6374698E-02    .1065492E+01    .8795662E+01    .6492410E+00
    .2970399E-02   -.7711730E+00    .7881111E+01    .6492410E+00
    .1107250E-01    .5081946E+01    .8423482E+01   -.1319644E+01
    .1053977E-01    .3108505E+01    .8984975E+01   -.1319644E+01
    .1141014E-01    .5878565E+01    .7074323E+01   -.3169790E+01
    .7945869E-02    .6237444E+01    .3425741E+01   -.4678044E+01
    .1004021E-01    .5658960E+01    .5395877E+01   -.4678044E+01
    .7055823E-02    .4532340E+01    .3425741E+01   -.5662486E+01
    .1116669E-01    .7572586E+01    .5667617E+01    .2745607E+01
    .9560239E-02    .6062617E+01    .6976013E+01    .2745607E+01
    .1271617E-01    .8573360E+01    .5669047E+01    .9270761E+00
    .1140889E-01    .7346450E+01    .7207544E+01    .9270761E+00
    .1299513E-01    .8573360E+01    .5669047E+01   -.1091341E+01
    .1186411E-01    .7346450E+01    .7207544E+01   -.1091341E+01
    .1312353E-01    .8135481E+01    .3750573E+01   -.2909872E+01
    .1183747E-01    .7572586E+01    .5667617E+01   -.2909872E+01
    .8877239E-02    .9789476E+00    .8917515E+01   -.8735026E+00
    .7296665E-02   -.7939891E+00    .8063713E+01   -.8735026E+00
    .1150898E-01    .4719696E+01    .8063713E+01   -.2891920E+01
    .1118656E-01    .2946759E+01    .8917515E+01   -.2891920E+01
    .1109868E-01    .9789476E+00    .8917515E+01   -.2891920E+01
    .1140622E-01   -.7939891E+00    .8063713E+01   -.2891920E+01
    .1328293E-01   -.2020899E+01    .6525217E+01   -.2891920E+01
    .1093019E-01    .4945832E+01    .6523786E+01   -.4710451E+01
    .1178078E-01    .3435862E+01    .7832182E+01   -.4710451E+01
    .1272580E-01    .1458223E+01    .8116524E+01   -.4710451E+01
    .1446479E-01   -.3592000E+00    .7286535E+01   -.4710451E+01
    .1006000E-01    .3930665E+01    .4606742E+01   -.5968914E+01
    .1230820E-01    .2946759E+01    .6310917E+01   -.5968914E+01
    .1486655E-01    .9789476E+00    .6310917E+01   -.5968914E+01
    .1387539E-01    .1962853E+01    .4606742E+01   -.6418054E+01
   -.1292955E-01    .1582487E+01    .3949326E+01    .5895600E+01
   -.3139950E-03    .3550299E+01    .3949326E+01    .5446460E+01
   -.2313380E-02    .2566393E+01    .5653501E+01    .5446460E+01
   -.1043172E-01    .5985818E+00    .5653501E+01    .5446460E+01
    .2990840E-02    .3055496E+01    .7174766E+01    .4187997E+01
   -.1295088E-02    .1077857E+01    .7459108E+01    .4187997E+01
   -.9872334E-02   -.7395659E+00    .6629118E+01    .4187997E+01
    .2159281E-02    .5985818E+00    .8260098E+01    .2369466E+01
   -.3917136E-02   -.1174355E+01    .7406297E+01    .2369466E+01
   -.2245468E-02    .2703582E+01   -.1750492E+01   -.6379969E+01
    .7546822E-02    .1576963E+01    .2196450E+00   -.7364412E+01
    .1564341E-01   -.1331497E+01   -.1459555E+01   -.7364412E+01
    .7842534E-02    .6074760E+00   -.1459555E+01   -.7364412E+01
    .1742046E-01   -.1812559E+01    .5910022E+01   -.4486312E+01
    .1636372E-01   -.3585495E+01    .5056221E+01   -.4486312E+01
    .1282108E-01    .2154326E+01    .3516294E+01   -.6304843E+01
    .1701247E-01    .6443561E+00    .4824690E+01   -.6304843E+01
    .1760619E-01   -.1333283E+01    .5109032E+01   -.6304843E+01
    .1833111E-01   -.3150706E+01    .4279042E+01   -.6304843E+01
    .2180067E-01   -.4230894E+01    .2598238E+01   -.6304843E+01
    .1130064E-01    .1139158E+01    .1599250E+01   -.7563305E+01
    .1507985E-01    .1552526E+00    .3303425E+01   -.7563305E+01
    .1753047E-01   -.1812559E+01    .3303425E+01   -.7563305E+01
    .2003786E-01   -.2796464E+01    .1599250E+01   -.7563305E+01
    .1841644E-01   -.1812559E+01   -.1049244E+00   -.7563305E+01
    .1548675E-01   -.8286530E+00    .1599250E+01   -.8012445E+01
    .9937914E-02   -.3063447E+01   -.5098329E+01   -.3877517E+01
   -.7797422E-02   -.1290510E+01   -.5952130E+01   -.3877517E+01
    .1491066E-01   -.2628658E+01   -.4321150E+01   -.5696048E+01
    .5239960E-03   -.8112350E+00   -.5151140E+01   -.5696048E+01
   -.1005899E-01    .1166404E+01   -.4866798E+01   -.5696048E+01
   -.1241873E-01    .2676374E+01   -.3558402E+01   -.5696048E+01
    .1125266E-01   -.1290510E+01   -.3345533E+01   -.6954510E+01
    .2409060E-02    .6773010E+00   -.3345533E+01   -.6954510E+01
    .1110416E-01   -.3066046E+00   -.1641358E+01   -.7403650E+01
   -.2311910E-01   -.2916677E+01   -.4604575E+01    .2836509E+01
    .3366221E-02   -.3931353E+01    .5648102E+01   -.9825227E+00
   -.3042971E-01   -.1989192E+01    .9870498E+00    .7446112E+01
   -.2932863E-01    .3567544E-01    .9870498E+00    .7043341E+01
   -.2840455E-01   -.9767581E+00    .2740636E+01    .7043341E+01
   -.2817901E-01   -.3001625E+01    .2740636E+01    .7043341E+01
   -.2646392E-01   -.4014059E+01    .9870498E+00    .7043341E+01
   -.2942753E-01   -.3001625E+01   -.7665365E+00    .7043341E+01
   -.3182285E-01   -.9767581E+00   -.7665365E+00    .7043341E+01
   -.2223392E-01    .1752275E+01    .9870498E+00    .5896346E+01
   -.2115474E-01    .1251013E+01    .2857783E+01    .5896346E+01
   -.2282082E-01   -.1184584E+00    .4227255E+01    .5896346E+01
   -.2501798E-01   -.1989192E+01    .4728516E+01    .5896346E+01
   -.2482062E-01   -.3859925E+01    .4227255E+01    .5896346E+01
   -.2534972E-01   -.3859925E+01   -.2253155E+01    .5896346E+01
   -.3151923E-01   -.1989192E+01   -.2754417E+01    .5896346E+01
   -.3339426E-01   -.1184584E+00   -.2253155E+01    .5896346E+01
   -.2832889E-01    .1251013E+01   -.8836834E+00    .5896346E+01
   -.2005318E-01   -.2500175E+01    .5848732E+01    .4179747E+01
   -.2014972E-01   -.4433423E+01    .5220582E+01    .4179747E+01
   -.2890621E-01   -.2500175E+01   -.3874632E+01    .4179747E+01
   -.3783159E-01   -.4785740E+00   -.3662153E+01    .4179747E+01
   -.1366679E-01   -.3437206E+01    .6076293E+01    .2154880E+01
   -.1275913E-01   -.5177872E+01    .5209545E+01    .2154880E+01
   -.1925379E-01   -.3185414E+01   -.5144023E+01    .2014898E+01
   -.8107013E-02   -.4187441E+01   -.6033901E+01    .1647515E+00
   -.2323781E-01   -.2214000E+01   -.5472409E+01    .1647515E+00
    .4802076E-02   -.6230454E+01    .4895254E+01   -.1804133E+01
    .8562896E-02   -.6230454E+01   -.5844588E+01   -.1804133E+01
   -.1399733E-03   -.4187441E+01   -.6033901E+01   -.1804133E+01
    .1179195E-01   -.5215778E+01    .4408090E+01   -.3654280E+01
    .1083513E-01   -.7157406E+01    .3777217E+01   -.3654280E+01
    .1841741E-01   -.5221186E+01    .3132319E+01   -.5162533E+01
    .1797486E-01   -.7088943E+01    .2279343E+01   -.5162533E+01
    .1975699E-01   -.7656501E+01   -.4577456E+01   -.3586718E+01
    .1530796E-01   -.5883564E+01   -.5431258E+01   -.3586718E+01
    .1020307E-01   -.3915753E+01   -.5431258E+01   -.3586718E+01
    .2330027E-01   -.8301899E+01   -.1214974E+00   -.5405249E+01
    .2421665E-01   -.8301899E+01   -.2119473E+01   -.5405249E+01
    .2308240E-01   -.7221712E+01   -.3800278E+01   -.5405249E+01
    .2051167E-01   -.5404289E+01   -.4630267E+01   -.5405249E+01
    .1882225E-01   -.3426649E+01   -.4345925E+01   -.5405249E+01
    .2745197E-01   -.3915753E+01    .5836892E+00   -.6663712E+01
    .2507022E-01   -.5883564E+01    .5836892E+00   -.6663712E+01
    .2543362E-01   -.6867470E+01   -.1120485E+01   -.6663712E+01
    .2493647E-01   -.5883564E+01   -.2824660E+01   -.6663712E+01
    .2438904E-01   -.3915753E+01   -.2824660E+01   -.6663712E+01
    .2632651E-01   -.4899658E+01   -.1120485E+01   -.7112852E+01
   -.2327082E-02   -.7869804E+01   -.2218374E+01    .6182507E+01
    .3530494E-02   -.1039678E+02    .4874808E+00    .5198065E+01
    .3693313E-02   -.1039678E+02   -.1565830E+01    .5198065E+01
   -.1137111E-01   -.5386513E+01   -.3853944E+01    .5198065E+01
    .1549352E-02   -.9355143E+01    .3712709E+01    .3689811E+01
    .4843621E-02   -.1087231E+02    .2346647E+01    .3689811E+01
    .6212552E-02   -.1170268E+02    .4815996E+00    .3689811E+01
    .6418054E-02   -.1170268E+02   -.1559949E+01    .3689811E+01
   -.2060871E-01   -.3615119E+01   -.4187757E+01    .3689811E+01
   -.6016808E-02   -.6385178E+01    .5020060E+01    .1839665E+01
    .1128542E-02   -.8428192E+01    .4830747E+01    .1839665E+01
    .8426002E-02   -.1238831E+02   -.1565057E+01    .1839665E+01
    .9824572E-04   -.6385178E+01    .5020060E+01   -.1292202E+00
    .1021690E-01   -.1238831E+02   -.1565057E+01   -.1292202E+00
    .1260743E-01   -.1087231E+02   -.3424996E+01   -.1979367E+01
    .1662608E-01   -.1039678E+02   -.1565830E+01   -.3487620E+01
    .1894136E-01   -.9286681E+01   -.3293184E+01   -.3487620E+01
   -.9936465E-02   -.6308758E+01    .1925409E+00    .7197564E+01
   -.1762129E-01   -.5324852E+01    .1896716E+01    .6748424E+01
   -.6059950E-02   -.7292664E+01    .1896716E+01    .6748424E+01
   -.2063356E-02   -.8276569E+01    .1925409E+00    .6748424E+01
   -.4889035E-02   -.7292664E+01   -.1511634E+01    .6748424E+01
   -.1462134E-01   -.5324852E+01   -.1511634E+01    .6748424E+01
   -.8664412E-02   -.6813389E+01    .3702322E+01    .5489961E+01
   -.1253408E-02   -.8630811E+01    .2872333E+01    .5489961E+01
    .2209603E-02   -.9710999E+01    .1191529E+01    .5489961E+01
   -.5304961E-02   -.7292664E+01    .4503313E+01    .3671430E+01
    .4874984E-02   -.1073607E+02    .3301815E+01    .2940823E+01
    .6783043E-02   -.1181626E+02    .1621010E+01    .2940823E+01
    .4147272E-02   -.9397920E+01    .4932795E+01    .1122292E+01
    .6743090E-02   -.1117086E+02    .4078993E+01    .1122292E+01
    .8172409E-02   -.1239777E+02    .2540497E+01    .1122292E+01
    .8851790E-02   -.1283565E+02    .6220224E+00    .1122292E+01
    .4226602E-02   -.7430109E+01    .4932795E+01   -.8961255E+00
    .7050548E-02   -.9397920E+01    .4932795E+01   -.8961255E+00
    .8905406E-02   -.1117086E+02    .4078993E+01   -.8961255E+00
    .9956107E-02   -.1239777E+02    .2540497E+01   -.8961255E+00
    .1042153E-01   -.1283565E+02    .6220224E+00   -.8961255E+00
    .1077507E-01   -.1239777E+02   -.1296452E+01   -.8961255E+00
    .9936205E-02   -.8918645E+01    .4131804E+01   -.2714657E+01
    .1121176E-01   -.1073607E+02    .3301815E+01   -.2714657E+01
    .1204526E-01   -.1181626E+02    .1621010E+01   -.2714657E+01
    .1281311E-01   -.1181626E+02   -.3769656E+00   -.2714657E+01
    .1438828E-01   -.9397920E+01    .2326197E+01   -.3973119E+01
    .1566839E-01   -.1038183E+02    .6220224E+00   -.3973119E+01
    .4428910E-03   -.8564126E+01   -.4159200E+01    .5182078E+01
    .5575129E-02   -.1098246E+02   -.3454013E+01    .3923616E+01
    .3958622E-02   -.9902274E+01   -.5134818E+01    .3923616E+01
    .7427397E-03   -.8084851E+01   -.5964807E+01    .3923616E+01
   -.5096822E-02   -.6107211E+01   -.5680465E+01    .3923616E+01
    .7348685E-02   -.1156397E+02   -.4373500E+01    .2105085E+01
    .6083398E-02   -.1033706E+02   -.5911996E+01    .2105085E+01
    .3607120E-02   -.8564126E+01   -.6765798E+01    .2105085E+01
   -.9329170E-03   -.6596315E+01   -.6765798E+01    .2105085E+01
   -.8366462E-02   -.4823378E+01   -.5911996E+01    .2105085E+01
    .9215785E-02   -.1156397E+02   -.4373500E+01    .8666750E-01
    .8215500E-02   -.1033706E+02   -.5911996E+01    .8666750E-01
    .6224008E-02   -.8564126E+01   -.6765798E+01    .8666750E-01
    .2433568E-02   -.6596315E+01   -.6765798E+01    .8666750E-01
    .1139218E-01   -.9902274E+01   -.5134818E+01   -.1731864E+01
    .1030429E-01   -.8084851E+01   -.5964807E+01   -.1731864E+01
