resp-charges for bis-napthyl
 &cntrl 
 nmol=2, iqopt=2, qwt=0.001, ihfree=1      
 &end 
    1.0
napthyl 1-
  -99   29
    6   -1
    6   -1
    6   -1
    6   -1
    6   -1
    6   -1
    6   -1 
    6   -1 
    6   -1   
    6   -1 
    1   -1 
    1   -1 
    1   -1 
    1   -1 
    1   -1   
    1   -1 
    1   -1 
    6    0 
    6   -1 
    6   -1 
    6   -1   
    8   -1 
    8   -1 
    1   -1 
    1   -1 
    1   -1  
    1   -1 
    1    0 
    1   28 

    1.0
napthyl 1-
  -99   29
    6   -1
    6   -1
    6   -1
    6   -1
    6   -1
    6   -1
    6   -1 
    6   -1 
    6   -1   
    6   -1 
    1   -1 
    1   -1 
    1   -1 
    1   -1 
    1   -1   
    1   -1 
    1   -1 
    6    0 
    6   -1 
    6   -1 
    6   -1   
    8   -1 
    8   -1 
    1   -1 
    1   -1 
    1   -1  
    1   -1 
    1    0 
    1   28 


    2
    1   18    2   18
    2
    1   28    2   28





