   3 PHE  HD1   -0.190      2   0.300   1.000 
   3 PHE  HD2   -0.190      2   0.300   1.000 
   3 PHE  HE1   -0.220      2   0.300   1.000 
   3 PHE  HE2   -0.220      2   0.300   1.000 
   3 PHE  HA    -0.140      1   0.300   1.000 
   3 PHE  HN    -0.210      1   0.300   1.000 
   3 PHE  HZ    -0.180      1   0.300   1.000 
   4 LYS  HA    -0.090      1   0.300   1.000 
   4 LYS  HN    -0.130      1   0.300   1.000 
   5 ALA  HA    -0.140      1   0.300   1.000 
   5 ALA  HN    -0.100      1   0.300   1.000 
   5 ALA  HB1   -0.120      3   0.300   1.000 
   5 ALA  HB2   -0.120      3   0.300   1.000 
   5 ALA  HB3   -0.120      3   0.300   1.000 
   6 GLY  HN    -0.200      1   0.300   1.000 
   7 SER  HA    -0.150      1   0.300   1.000 
   7 SER  HN    -0.190      1   0.300   1.000 
   8 ALA  HA    -0.220      1   0.300   1.000 
   8 ALA  HB1   -0.090      3   0.300   1.000 
   8 ALA  HB2   -0.090      3   0.300   1.000 
   8 ALA  HB3   -0.090      3   0.300   1.000 
   9 LYS  HN    -0.180      1   0.300   1.000 
  10 LYS  HA    -0.220      1   0.300   1.000 
  10 LYS  HN    -0.200      1   0.300   1.000 
  11 GLY  HN    -0.190      1   0.300   1.000 
  12 ALA  HA    -0.070      1   0.300   1.000 
  12 ALA  HN    -0.130      1   0.300   1.000 
  12 ALA  HB1   -0.020      3   0.300   1.000 
  12 ALA  HB2   -0.020      3   0.300   1.000 
  12 ALA  HB3   -0.020      3   0.300   1.000 
  13 THR  HA    -0.080      1   0.300   1.000 
  13 THR  HB    -0.140      1   0.300   1.000 
  13 THR  HN    -0.100      1   0.300   1.000 
  13 THR  HG1   -0.100      3   0.300   1.000 
  13 THR  HG2   -0.100      3   0.300   1.000 
  13 THR  HG3   -0.100      3   0.300   1.000 
  14 LEU  HA    -0.370      1   0.300   1.000 
  14 LEU  HG    -0.370      1   0.300   1.000 
  14 LEU  HN    -0.260      1   0.300   1.000 
  15 PHE  HD1    0.020      2   0.300   1.000 
  15 PHE  HD2    0.020      2   0.300   1.000 
  15 PHE  HA    -0.590      1   0.300   1.000 
  15 PHE  HN    -0.280      1   0.300   1.000 
  15 PHE  HZ     2.310      1   0.300   1.000 
  16 LYS  HA     0.280      1   0.300   1.000 
  16 LYS  HN     0.070      1   0.300   1.000 
  17 THR  HA    -0.050      1   0.300   1.000 
  17 THR  HN    -0.160      1   0.300   1.000 
  17 THR  HG1   -0.110      3   0.300   1.000 
  17 THR  HG2   -0.110      3   0.300   1.000 
  17 THR  HG3   -0.110      3   0.300   1.000 
  18 ARG  HA    -0.630      1   0.300   1.000 
  18 ARG  HN    -0.450      1   0.300   1.000 
  20 LEU  HA     1.960      1   0.300   1.000 
  20 LEU  HG     0.790      1   0.300   1.000 
  20 LEU  HN     0.770      1   0.300   1.000 
  21 GLN  HA     0.760      1   0.300   1.000 
  21 GLN  HN     1.080      1   0.300   1.000 
  24 THR  HA     1.640      1   0.300   1.000 
  24 THR  HB     1.050      1   0.300   1.000 
  24 THR  HN     2.880      1   0.300   1.000 
  24 THR  HG1    1.100      3   0.300   1.000 
  24 THR  HG2    1.100      3   0.300   1.000 
  24 THR  HG3    1.100      3   0.300   1.000 
  25 VAL  HA     0.990      1   0.300   1.000 
  25 VAL  HB     0.830      1   0.300   1.000 
  25 VAL  HN     0.940      1   0.300   1.000 
  26 GLU  HA     0.360      1   0.300   1.000 
  26 GLU  HN     1.180      1   0.300   1.000 
  27 LYS  HA     0.540      1   0.300   1.000 
  27 LYS  HN     0.420      1   0.300   1.000 
  28 GLY  HN     0.360      1   0.300   1.000 
  29 GLY  HN     0.430      1   0.300   1.000 
  30 PRO  HA     0.360      1   0.300   1.000 
  31 HID  HA     0.640      1   0.300   1.000 
  31 HID  HD    -0.040      1   0.300   1.000 
  31 HID  HE     0.110      1   0.300   1.000 
  32 LYS  HA     0.190      1   0.300   1.000 
  32 LYS  HN     0.620      1   0.300   1.000 
  33 VAL  HA    -0.910      1   0.300   1.000 
  33 VAL  HB    -0.740      1   0.300   1.000 
  33 VAL  HN     0.460      1   0.300   1.000 
  33 VAL HG11   -2.150      3   0.300   1.000 
  33 VAL HG12   -2.150      3   0.300   1.000 
  33 VAL HG13   -2.150      3   0.300   1.000 
  33 VAL HG21   -0.490      3   0.300   1.000 
  33 VAL HG22   -0.490      3   0.300   1.000 
  33 VAL HG23   -0.490      3   0.300   1.000 
  34 GLY  HN    -0.090      1   0.300   1.000 
  35 PRO  HA     0.210      1   0.300   1.000 
  35 PRO  HB2    0.080      1   0.300   1.000 
  35 PRO  HB3   -0.640      1   0.300   1.000 
  36 ASN  HA     1.790      1   0.300   1.000 
  36 ASN  HB2    0.560      1   0.300   1.000 
  36 ASN  HB3    0.780      1   0.300   1.000 
  36 ASN  HN     0.880      1   0.300   1.000 
  37 LEU  HA     0.820      1   0.300   1.000 
  37 LEU  HN     1.690      1   0.300   1.000 
  37 LEU HD11    2.380      3   0.300   1.000 
  37 LEU HD12    2.380      3   0.300   1.000 
  37 LEU HD13    2.380      3   0.300   1.000 
  37 LEU HD21    1.500      3   0.300   1.000 
  37 LEU HD22    1.500      3   0.300   1.000 
  37 LEU HD23    1.500      3   0.300   1.000 
  38 HID  HA     0.290      1   0.300   1.000 
  38 HID  HN     0.610      1   0.300   1.000 
  39 GLY  HN     0.020      1   0.300   1.000 
  40 ILE  HA    -0.070      1   0.300   1.000 
  40 ILE  HB    -0.040      1   0.300   1.000 
  40 ILE  HN    -0.070      1   0.300   1.000 
  40 ILE  HD1   -0.540      3   0.300   1.000 
  40 ILE  HD2   -0.540      3   0.300   1.000 
  40 ILE  HD3   -0.540      3   0.300   1.000 
  40 ILE HG21   -0.260      3   0.300   1.000 
  40 ILE HG22   -0.260      3   0.300   1.000 
  40 ILE HG23   -0.260      3   0.300   1.000 
  41 PHE  HD1   -0.260      2   0.300   1.000 
  41 PHE  HD2   -0.260      2   0.300   1.000 
  41 PHE  HE1   -0.390      2   0.300   1.000 
  41 PHE  HE2   -0.390      2   0.300   1.000 
  41 PHE  HA    -0.270      1   0.300   1.000 
  41 PHE  HN    -0.100      1   0.300   1.000 
  41 PHE  HZ    -0.660      1   0.300   1.000 
  42 GLY  HN    -0.030      1   0.300   1.000 
  43 ARG  HA    -0.210      1   0.300   1.000 
  43 ARG  HN    -0.190      1   0.300   1.000 
  44 HID  HA    -0.390      1   0.300   1.000 
  44 HID  HD    -0.140      1   0.300   1.000 
  44 HID  HE    -0.170      1   0.300   1.000 
  44 HID  HN     0.120      1   0.300   1.000 
  45 SER  HA    -0.480      1   0.300   1.000 
  45 SER  HN    -0.060      1   0.300   1.000 
  46 GLY  HN     0.670      1   0.300   1.000 
  47 GLN  HA    -0.190      1   0.300   1.000 
  47 GLN  HN    -0.450      1   0.300   1.000 
  48 ALA  HA    -0.090      1   0.300   1.000 
  48 ALA  HN    -0.610      1   0.300   1.000 
  48 ALA  HB1   -0.140      3   0.300   1.000 
  48 ALA  HB2   -0.140      3   0.300   1.000 
  48 ALA  HB3   -0.140      3   0.300   1.000 
  49 GLU  HA    -0.140      1   0.300   1.000 
  49 GLU  HN    -0.030      1   0.300   1.000 
  51 TYR  HA    -0.440      1   0.300   1.000 
  51 TYR  HB2   -1.580      1   0.300   1.000 
  51 TYR  HB3    0.590      1   0.300   1.000 
  51 TYR  HD1    0.950      1   0.300   1.000 
  51 TYR  HD2   -1.610      1   0.300   1.000 
  51 TYR  HN    -0.280      1   0.300   1.000 
  52 SER  HA    -0.480      1   0.300   1.000 
  53 TYR  HA    -1.100      1   0.300   1.000 
  53 TYR  HN    -0.470      1   0.300   1.000 
  54 THR  HA    -0.340      1   0.300   1.000 
  54 THR  HB    -0.100      1   0.300   1.000 
  54 THR  HN    -0.680      1   0.300   1.000 
  54 THR  HG1   -0.340      3   0.300   1.000 
  54 THR  HG2   -0.340      3   0.300   1.000 
  54 THR  HG3   -0.340      3   0.300   1.000 
  55 ASP  HA    -0.160      1   0.300   1.000 
  55 ASP  HN    -0.110      1   0.300   1.000 
  56 ALA  HA     0.150      1   0.300   1.000 
  56 ALA  HN     0.240      1   0.300   1.000 
  56 ALA  HB1    0.270      3   0.300   1.000 
  56 ALA  HB2    0.270      3   0.300   1.000 
  56 ALA  HB3    0.270      3   0.300   1.000 
  57 ASN  HA     0.460      1   0.300   1.000 
  57 ASN  HN     0.070      1   0.300   1.000 
  58 ILE  HA     0.230      1   0.300   1.000 
  58 ILE  HB    -0.020      1   0.300   1.000 
  58 ILE  HN    -0.070      1   0.300   1.000 
  58 ILE  HD1   -0.230      3   0.300   1.000 
  58 ILE  HD2   -0.230      3   0.300   1.000 
  58 ILE  HD3   -0.230      3   0.300   1.000 
  58 ILE HG21   -0.100      3   0.300   1.000 
  58 ILE HG22   -0.100      3   0.300   1.000 
  58 ILE HG23   -0.100      3   0.300   1.000 
  59 LYS  HA     0.210      1   0.300   1.000 
  59 LYS  HN    -0.070      1   0.300   1.000 
  60 LYS  HA     0.190      1   0.300   1.000 
  60 LYS  HN    -0.100      1   0.300   1.000 
  61 ASN  HA    -0.020      1   0.300   1.000 
  61 ASN  HN     0.280      1   0.300   1.000 
  62 VAL  HA     0.390      1   0.300   1.000 
  62 VAL  HB     0.300      1   0.300   1.000 
  62 VAL  HN    -0.100      1   0.300   1.000 
  63 LEU  HA    -0.000      1   0.300   1.000 
  63 LEU  HB2    0.020      1   0.300   1.000 
  63 LEU  HB3   -0.150      1   0.300   1.000 
  63 LEU  HG    -0.100      1   0.300   1.000 
  63 LEU  HN    -0.070      1   0.300   1.000 
  64 TRP  HA    -0.130      1   0.300   1.000 
  64 TRP  HD    -0.160      1   0.300   1.000 
  64 TRP  HNE   -0.130      1   0.300   1.000 
  64 TRP  HE    -0.120      1   0.300   1.000 
  64 TRP  HH     0.750      1   0.300   1.000 
  64 TRP  HN    -0.110      1   0.300   1.000 
  64 TRP  HZ1    0.370      1   0.300   1.000 
  64 TRP  HZ2   -0.000      1   0.300   1.000 
  65 ASP  HA    -0.160      1   0.300   1.000 
  65 ASP  HN     0.340      1   0.300   1.000 
  66 GLU  HA    -0.340      1   0.300   1.000 
  66 GLU  HN    -0.280      1   0.300   1.000 
  67 ASN  HA    -0.160      1   0.300   1.000 
  67 ASN  HN    -0.100      1   0.300   1.000 
  68 ASN  HA     0.010      1   0.300   1.000 
  68 ASN  HN    -0.150      1   0.300   1.000 
  69 MET  HN    -0.290      1   0.300   1.000 
  70 SER  HA    -0.430      1   0.300   1.000 
  70 SER  HN    -0.390      1   0.300   1.000 
  71 GLU  HA     0.040      1   0.300   1.000 
  71 GLU  HN    -0.160      1   0.300   1.000 
  72 TYR  HA     0.600      1   0.300   1.000 
  72 TYR  HD1    0.310      2   0.300   1.000 
  72 TYR  HD2    0.310      2   0.300   1.000 
  72 TYR  HE1    0.220      2   0.300   1.000 
  72 TYR  HE2    0.220      2   0.300   1.000 
  72 TYR  HN     0.000      1   0.300   1.000 
  73 LEU  HA    -0.130      1   0.300   1.000 
  73 LEU  HG    -1.340      1   0.300   1.000 
  73 LEU  HN    -0.200      1   0.300   1.000 
  74 THR  HA    -0.050      1   0.300   1.000 
  74 THR  HB     0.140      1   0.300   1.000 
  74 THR  HN     0.050      1   0.300   1.000 
  74 THR  HG1    0.060      3   0.300   1.000 
  74 THR  HG2    0.060      3   0.300   1.000 
  74 THR  HG3    0.060      3   0.300   1.000 
  75 ASN  HA     0.710      1   0.300   1.000 
  75 ASN  HN     0.590      1   0.300   1.000 
  76 PRO  HB2    4.150      1   0.300   1.000 
  77 TML  HA     1.380      1   0.300   1.000 
  77 TML  HN     1.700      1   0.300   1.000 
  78 LYS  HA     0.520      1   0.300   1.000 
  78 LYS  HN     0.860      1   0.300   1.000 
  79 TYR  HD1    0.560      2   0.300   1.000 
  79 TYR  HD2    0.560      2   0.300   1.000 
  79 TYR  HE1    0.260      2   0.300   1.000 
  79 TYR  HE2    0.260      2   0.300   1.000 
  79 TYR  HA     0.490      1   0.300   1.000 
  79 TYR  HN     0.850      1   0.300   1.000 
  80 ILE  HA     0.680      1   0.300   1.000 
  80 ILE  HB     1.480      1   0.300   1.000 
  80 ILE  HN     1.210      1   0.300   1.000 
  81 PRO  HA     0.630      1   0.300   1.000 
  82 GLY  HN     0.570      1   0.300   1.000 
  83 THR  HA     0.560      1   0.300   1.000 
  83 THR  HB     1.500      1   0.300   1.000 
  83 THR  HN     0.800      1   0.300   1.000 
  83 THR  HG1    2.520      3   0.300   1.000 
  83 THR  HG2    2.520      3   0.300   1.000 
  83 THR  HG3    2.520      3   0.300   1.000 
  84 LYS  HA     0.550      1   0.300   1.000 
  84 LYS  HN    -0.710      1   0.300   1.000 
  86 ALA  HA     1.120      1   0.300   1.000 
  86 ALA  HN    -0.090      1   0.300   1.000 
  86 ALA  HB1   -0.110      3   0.300   1.000 
  86 ALA  HB2   -0.110      3   0.300   1.000 
  86 ALA  HB3   -0.110      3   0.300   1.000 
  87 PHE  HA     0.210      1   0.300   1.000 
  87 PHE  HN     2.460      1   0.300   1.000 
  87 PHE  HZ    -1.300      1   0.300   1.000 
  89 GLY  HN    -1.680      1   0.300   1.000 
  90 LEU  HA    -0.390      1   0.300   1.000 
  90 LEU  HG    -0.940      1   0.300   1.000 
  90 LEU  HN    -0.360      1   0.300   1.000 
  91 LYS  HA    -0.100      1   0.300   1.000 
  91 LYS  HN    -0.260      1   0.300   1.000 
  92 LYS  HA    -0.130      1   0.300   1.000 
  92 LYS  HN    -0.170      1   0.300   1.000 
  93 GLU  HA    -0.230      1   0.300   1.000 
  93 GLU  HN    -0.220      1   0.300   1.000 
  94 LYS  HA    -0.190      1   0.300   1.000 
  94 LYS  HN    -0.200      1   0.300   1.000 
  95 ASP  HA    -0.350      1   0.300   1.000 
  95 ASP  HN    -0.280      1   0.300   1.000 
  96 ARG  HA    -0.680      1   0.300   1.000 
  96 ARG  HN    -0.370      1   0.300   1.000 
  97 ASN  HA    -0.200      1   0.300   1.000 
  97 ASN  HN    -0.330      1   0.300   1.000 
  98 ASP  HA    -0.280      1   0.300   1.000 
  98 ASP  HN    -0.310      1   0.300   1.000 
  99 LEU  HA    -0.540      1   0.300   1.000 
  99 LEU  HB2   -0.740      1   0.300   1.000 
  99 LEU  HB3   -0.940      1   0.300   1.000 
  99 LEU  HN    -0.510      1   0.300   1.000 
 100 ILE  HA    -0.680      1   0.300   1.000 
 100 ILE  HB    -0.460      1   0.300   1.000 
 100 ILE  HN    -0.600      1   0.300   1.000 
 100 ILE  HD1   -0.560      3   0.300   1.000 
 100 ILE  HD2   -0.560      3   0.300   1.000 
 100 ILE  HD3   -0.560      3   0.300   1.000 
 100 ILE HG21   -0.410      3   0.300   1.000 
 100 ILE HG22   -0.410      3   0.300   1.000 
 100 ILE HG23   -0.410      3   0.300   1.000 
 101 THR  HA    -0.220      1   0.300   1.000 
 101 THR  HB    -0.270      1   0.300   1.000 
 101 THR  HN    -0.340      1   0.300   1.000 
 101 THR  HG1   -0.160      3   0.300   1.000 
 101 THR  HG2   -0.160      3   0.300   1.000 
 101 THR  HG3   -0.160      3   0.300   1.000 
 102 TYR  HA    -0.160      1   0.300   1.000 
 102 TYR  HN    -0.310      1   0.300   1.000 
 103 LEU  HA    -0.160      1   0.300   1.000 
 103 LEU  HN    -0.440      1   0.300   1.000 
 104 LYS  HA    -0.150      1   0.300   1.000 
 104 LYS  HN    -0.260      1   0.300   1.000 
 105 LYS  HA    -0.050      1   0.300   1.000 
 105 LYS  HN    -0.130      1   0.300   1.000 
 106 ALA  HA     0.090      1   0.300   1.000 
 106 ALA  HN    -0.060      1   0.300   1.000 
 106 ALA  HB1    0.120      3   0.300   1.000 
 106 ALA  HB2    0.120      3   0.300   1.000 
 106 ALA  HB3    0.120      3   0.300   1.000 
 107 SER  HN    -0.050      1   0.300   1.000 
 108 GLU  HA     0.040      1   0.300   1.000 
 108 GLU  HN     0.050      1   0.300   1.000 
