    6  452    0
                    .0000000E+00    .0000000E+00    .1244167E+01
                    .0000000E+00    .0000000E+00   -.1244167E+01
                    .0000000E+00    .1727794E+01    .2315988E+01
                    .0000000E+00   -.1727794E+01   -.2315988E+01
                    .0000000E+00    .1727794E+01   -.2315988E+01
                    .0000000E+00   -.1727794E+01    .2315988E+01
    .6430061E-02    .0000000E+00    .0000000E+00    .5212592E+01
    .2232321E-02    .1984212E+01    .0000000E+00    .4680924E+01
    .2232321E-02   -.1984212E+01    .2429959E-15    .4680924E+01
   -.7766387E-02    .3436756E+01    .0000000E+00    .3228380E+01
   -.6620611E-02   -.3297544E+01    .9682462E+00    .3228380E+01
   -.6620611E-02   -.3297544E+01   -.9682462E+00    .3228380E+01
   -.2171704E-01    .3968425E+01    .0000000E+00    .1244167E+01
   -.1666430E-01    .3513865E+01    .1844219E+01    .1244167E+01
   -.1049428E-01   -.2970408E+01    .2631552E+01    .1244167E+01
   -.2044330E-01   -.3853109E+01    .9497062E+00    .1244167E+01
   -.2044330E-01   -.3853109E+01   -.9497062E+00    .1244167E+01
   -.1049428E-01   -.2970408E+01   -.2631552E+01    .1244167E+01
   -.1666430E-01    .3513865E+01   -.1844219E+01    .1244167E+01
   -.2171704E-01    .3968425E+01    .0000000E+00   -.1244167E+01
   -.1666430E-01    .3513865E+01    .1844219E+01   -.1244167E+01
   -.1049428E-01   -.2970408E+01    .2631552E+01   -.1244167E+01
   -.2044330E-01   -.3853109E+01    .9497062E+00   -.1244167E+01
   -.2044330E-01   -.3853109E+01   -.9497062E+00   -.1244167E+01
   -.1049428E-01   -.2970408E+01   -.2631552E+01   -.1244167E+01
   -.1666430E-01    .3513865E+01   -.1844219E+01   -.1244167E+01
   -.7766387E-02    .3436756E+01    .0000000E+00   -.3228380E+01
   -.6620611E-02   -.3297544E+01    .9682462E+00   -.3228380E+01
   -.6620611E-02   -.3297544E+01   -.9682462E+00   -.3228380E+01
    .2232321E-02    .1984212E+01    .0000000E+00   -.4680924E+01
    .2232321E-02   -.1984212E+01    .2429959E-15   -.4680924E+01
    .6430061E-02    .4859918E-15    .0000000E+00   -.5212592E+01
    .7752171E-02    .0000000E+00    .1727794E+01    .5490727E+01
    .5008527E-02    .1866065E+01    .1727794E+01    .4884406E+01
    .9885021E-02    .5766458E+00    .3502527E+01    .4884406E+01
    .7717804E-02   -.1509678E+01    .2824639E+01    .4884406E+01
    .4602411E-02   -.1509678E+01    .6309481E+00    .4884406E+01
   -.3358170E-02    .3019357E+01    .1727794E+01    .3297036E+01
    .4887635E-02    .2312962E+01    .3668599E+01    .3297036E+01
    .9810861E-02    .5243058E+00    .4701280E+01    .3297036E+01
    .8108610E-02   -.1509678E+01    .4342633E+01    .3297036E+01
    .6598806E-03   -.2837267E+01    .2760475E+01    .3297036E+01
   -.8201553E-03    .2312962E+01    .3668599E+01    .1334939E+01
    .7069295E-02    .5243058E+00    .4701280E+01    .1334939E+01
    .4447724E-02   -.1509678E+01    .4342633E+01    .1334939E+01
    .4447724E-02   -.1509678E+01   -.4342633E+01   -.1334939E+01
    .7069295E-02    .5243058E+00   -.4701280E+01   -.1334939E+01
   -.8201553E-03    .2312962E+01   -.3668599E+01   -.1334939E+01
   -.3358170E-02    .3019357E+01   -.1727794E+01   -.3297036E+01
    .6598806E-03   -.2837267E+01   -.2760475E+01   -.3297036E+01
    .8108610E-02   -.1509678E+01   -.4342633E+01   -.3297036E+01
    .9810861E-02    .5243058E+00   -.4701280E+01   -.3297036E+01
    .4887635E-02    .2312962E+01   -.3668599E+01   -.3297036E+01
    .5008527E-02    .1866065E+01   -.1727794E+01   -.4884406E+01
    .4602411E-02   -.1509678E+01   -.6309481E+00   -.4884406E+01
    .7717804E-02   -.1509678E+01   -.2824639E+01   -.4884406E+01
    .9885021E-02    .5766458E+00   -.3502527E+01   -.4884406E+01
    .7752171E-02    .3887934E-15   -.1727794E+01   -.5490727E+01
   -.8201553E-03    .2312962E+01    .3668599E+01   -.1334939E+01
    .7069295E-02    .5243058E+00    .4701280E+01   -.1334939E+01
    .4447724E-02   -.1509678E+01    .4342633E+01   -.1334939E+01
   -.3358170E-02    .3019357E+01    .1727794E+01   -.3297036E+01
    .4887635E-02    .2312962E+01    .3668599E+01   -.3297036E+01
    .9810861E-02    .5243058E+00    .4701280E+01   -.3297036E+01
    .8108610E-02   -.1509678E+01    .4342633E+01   -.3297036E+01
    .6598806E-03   -.2837267E+01    .2760475E+01   -.3297036E+01
    .5008527E-02    .1866065E+01    .1727794E+01   -.4884406E+01
    .9885021E-02    .5766458E+00    .3502527E+01   -.4884406E+01
    .7717804E-02   -.1509678E+01    .2824639E+01   -.4884406E+01
    .4602411E-02   -.1509678E+01    .6309481E+00   -.4884406E+01
    .7752171E-02    .3887934E-15    .1727794E+01   -.5490727E+01
    .7752171E-02    .0000000E+00   -.1727794E+01    .5490727E+01
    .5008527E-02    .1866065E+01   -.1727794E+01    .4884406E+01
    .4602411E-02   -.1509678E+01   -.6309481E+00    .4884406E+01
    .7717804E-02   -.1509678E+01   -.2824639E+01    .4884406E+01
    .9885021E-02    .5766458E+00   -.3502527E+01    .4884406E+01
   -.3358170E-02    .3019357E+01   -.1727794E+01    .3297036E+01
    .6598806E-03   -.2837267E+01   -.2760475E+01    .3297036E+01
    .8108610E-02   -.1509678E+01   -.4342633E+01    .3297036E+01
    .9810861E-02    .5243058E+00   -.4701280E+01    .3297036E+01
    .4887635E-02    .2312962E+01   -.3668599E+01    .3297036E+01
    .4447724E-02   -.1509678E+01   -.4342633E+01    .1334939E+01
    .7069295E-02    .5243058E+00   -.4701280E+01    .1334939E+01
   -.8201553E-03    .2312962E+01   -.3668599E+01    .1334939E+01
    .4764221E-02    .0000000E+00    .0000000E+00    .5779510E+01
    .2297711E-02    .1967811E+01    .0000000E+00    .5330370E+01
    .2297711E-02   -.1967811E+01    .2409873E-15    .5330370E+01
   -.3869609E-02    .3545873E+01    .0000000E+00    .4071907E+01
   -.3027675E-02   -.3402241E+01    .9989880E+00    .4071907E+01
   -.3027675E-02   -.3402241E+01   -.9989880E+00    .4071907E+01
   -.1220032E-01    .4421632E+01    .0000000E+00    .2253376E+01
   -.9366936E-02    .3983753E+01    .1918474E+01    .2253376E+01
   -.9366936E-02   -.3983753E+01    .1918474E+01    .2253376E+01
   -.1220032E-01   -.4421632E+01    .5414936E-15    .2253376E+01
   -.9366936E-02   -.3983753E+01   -.1918474E+01    .2253376E+01
   -.9366936E-02    .3983753E+01   -.1918474E+01    .2253376E+01
   -.2108856E-01    .4421632E+01    .0000000E+00    .2349586E+00
   -.1695869E-01    .3983753E+01    .1918474E+01    .2349586E+00
   -.6389127E-02    .2756842E+01    .3456971E+01    .2349586E+00
   -.6389127E-02   -.2756842E+01    .3456971E+01    .2349586E+00
   -.1695869E-01   -.3983753E+01    .1918474E+01    .2349586E+00
   -.2108856E-01   -.4421632E+01    .5414936E-15    .2349586E+00
   -.1695869E-01   -.3983753E+01   -.1918474E+01    .2349586E+00
   -.6389127E-02   -.2756842E+01   -.3456971E+01    .2349586E+00
   -.6389127E-02    .2756842E+01   -.3456971E+01    .2349586E+00
   -.1695869E-01    .3983753E+01   -.1918474E+01    .2349586E+00
   -.2108856E-01    .4421632E+01    .0000000E+00   -.2349586E+00
   -.1695869E-01    .3983753E+01    .1918474E+01   -.2349586E+00
   -.6389127E-02    .2756842E+01    .3456971E+01   -.2349586E+00
   -.6389127E-02   -.2756842E+01    .3456971E+01   -.2349586E+00
   -.1695869E-01   -.3983753E+01    .1918474E+01   -.2349586E+00
   -.2108856E-01   -.4421632E+01    .5414936E-15   -.2349586E+00
   -.1695869E-01   -.3983753E+01   -.1918474E+01   -.2349586E+00
   -.6389127E-02   -.2756842E+01   -.3456971E+01   -.2349586E+00
   -.6389127E-02    .2756842E+01   -.3456971E+01   -.2349586E+00
   -.1695869E-01    .3983753E+01   -.1918474E+01   -.2349586E+00
   -.1220032E-01    .4421632E+01    .0000000E+00   -.2253376E+01
   -.9366936E-02    .3983753E+01    .1918474E+01   -.2253376E+01
   -.9366936E-02   -.3983753E+01    .1918474E+01   -.2253376E+01
   -.1220032E-01   -.4421632E+01    .5414936E-15   -.2253376E+01
   -.9366936E-02   -.3983753E+01   -.1918474E+01   -.2253376E+01
   -.9366936E-02    .3983753E+01   -.1918474E+01   -.2253376E+01
   -.3869609E-02    .3545873E+01    .0000000E+00   -.4071907E+01
   -.3027675E-02   -.3402241E+01    .9989880E+00   -.4071907E+01
   -.3027675E-02   -.3402241E+01   -.9989880E+00   -.4071907E+01
    .2297711E-02    .1967811E+01    .0000000E+00   -.5330370E+01
    .2297711E-02   -.1967811E+01    .2409873E-15   -.5330370E+01
    .4764221E-02    .5554192E-15    .0000000E+00   -.5779510E+01
    .5680733E-02    .0000000E+00    .1727794E+01    .5944261E+01
    .4030706E-02    .1814137E+01    .1727794E+01    .5458165E+01
    .6649953E-02    .9070685E+00    .3298882E+01    .5458165E+01
    .6649953E-02   -.9070685E+00    .3298882E+01    .5458165E+01
    .4030706E-02   -.1814137E+01    .1727794E+01    .5458165E+01
   -.1053953E-02    .3142177E+01    .1727794E+01    .4130124E+01
    .3617106E-02    .2542075E+01    .3574719E+01    .4130124E+01
    .7037582E-02    .9709862E+00    .4716182E+01    .4130124E+01
    .7037582E-02   -.9709862E+00    .4716182E+01    .4130124E+01
    .3617106E-02   -.2542075E+01    .3574719E+01    .4130124E+01
   -.1053953E-02   -.3142177E+01    .1727794E+01    .4130124E+01
   -.1756524E-02    .3142177E+01    .3541931E+01    .2315988E+01
    .4253305E-02    .1814137E+01    .4869971E+01    .2315988E+01
    .6325056E-02    .2221677E-15    .5356068E+01    .2315988E+01
    .4253305E-02   -.1814137E+01    .4869971E+01    .2315988E+01
   -.1756524E-02   -.3142177E+01    .3541931E+01    .2315988E+01
    .3996665E-02    .9709862E+00    .4716182E+01    .5018506E+00
    .3996665E-02   -.9709862E+00    .4716182E+01    .5018506E+00
    .3996665E-02   -.9709862E+00   -.4716182E+01   -.5018506E+00
    .3996665E-02    .9709862E+00   -.4716182E+01   -.5018506E+00
   -.1756524E-02   -.3142177E+01   -.3541931E+01   -.2315988E+01
    .4253305E-02   -.1814137E+01   -.4869971E+01   -.2315988E+01
    .6325056E-02   -.6665026E-15   -.5356068E+01   -.2315988E+01
    .4253305E-02    .1814137E+01   -.4869971E+01   -.2315988E+01
   -.1756524E-02    .3142177E+01   -.3541931E+01   -.2315988E+01
   -.1053953E-02    .3142177E+01   -.1727794E+01   -.4130124E+01
   -.1053953E-02   -.3142177E+01   -.1727794E+01   -.4130124E+01
    .3617106E-02   -.2542075E+01   -.3574719E+01   -.4130124E+01
    .7037582E-02   -.9709862E+00   -.4716182E+01   -.4130124E+01
    .7037582E-02    .9709862E+00   -.4716182E+01   -.4130124E+01
    .3617106E-02    .2542075E+01   -.3574719E+01   -.4130124E+01
    .4030706E-02    .1814137E+01   -.1727794E+01   -.5458165E+01
    .4030706E-02   -.1814137E+01   -.1727794E+01   -.5458165E+01
    .6649953E-02   -.9070685E+00   -.3298882E+01   -.5458165E+01
    .6649953E-02    .9070685E+00   -.3298882E+01   -.5458165E+01
    .5680733E-02    .4443353E-15   -.1727794E+01   -.5944261E+01
    .3996665E-02    .9709862E+00    .4716182E+01   -.5018506E+00
    .3996665E-02   -.9709862E+00    .4716182E+01   -.5018506E+00
   -.1756524E-02    .3142177E+01    .3541931E+01   -.2315988E+01
    .4253305E-02    .1814137E+01    .4869971E+01   -.2315988E+01
    .6325056E-02    .2221677E-15    .5356068E+01   -.2315988E+01
    .4253305E-02   -.1814137E+01    .4869971E+01   -.2315988E+01
   -.1756524E-02   -.3142177E+01    .3541931E+01   -.2315988E+01
   -.1053953E-02    .3142177E+01    .1727794E+01   -.4130124E+01
    .3617106E-02    .2542075E+01    .3574719E+01   -.4130124E+01
    .7037582E-02    .9709862E+00    .4716182E+01   -.4130124E+01
    .7037582E-02   -.9709862E+00    .4716182E+01   -.4130124E+01
    .3617106E-02   -.2542075E+01    .3574719E+01   -.4130124E+01
   -.1053953E-02   -.3142177E+01    .1727794E+01   -.4130124E+01
    .4030706E-02    .1814137E+01    .1727794E+01   -.5458165E+01
    .6649953E-02    .9070685E+00    .3298882E+01   -.5458165E+01
    .6649953E-02   -.9070685E+00    .3298882E+01   -.5458165E+01
    .4030706E-02   -.1814137E+01    .1727794E+01   -.5458165E+01
    .5680733E-02    .4443353E-15    .1727794E+01   -.5944261E+01
    .5680733E-02    .0000000E+00   -.1727794E+01    .5944261E+01
    .4030706E-02    .1814137E+01   -.1727794E+01    .5458165E+01
    .4030706E-02   -.1814137E+01   -.1727794E+01    .5458165E+01
    .6649953E-02   -.9070685E+00   -.3298882E+01    .5458165E+01
    .6649953E-02    .9070685E+00   -.3298882E+01    .5458165E+01
   -.1053953E-02    .3142177E+01   -.1727794E+01    .4130124E+01
   -.1053953E-02   -.3142177E+01   -.1727794E+01    .4130124E+01
    .3617106E-02   -.2542075E+01   -.3574719E+01    .4130124E+01
    .7037582E-02   -.9709862E+00   -.4716182E+01    .4130124E+01
    .7037582E-02    .9709862E+00   -.4716182E+01    .4130124E+01
    .3617106E-02    .2542075E+01   -.3574719E+01    .4130124E+01
   -.1756524E-02   -.3142177E+01   -.3541931E+01    .2315988E+01
    .4253305E-02   -.1814137E+01   -.4869971E+01    .2315988E+01
    .6325056E-02   -.6665026E-15   -.5356068E+01    .2315988E+01
    .4253305E-02    .1814137E+01   -.4869971E+01    .2315988E+01
   -.1756524E-02    .3142177E+01   -.3541931E+01    .2315988E+01
    .3996665E-02   -.9709862E+00   -.4716182E+01    .5018506E+00
    .3996665E-02    .9709862E+00   -.4716182E+01    .5018506E+00
    .3823118E-02    .0000000E+00    .0000000E+00    .6346427E+01
    .2312422E-02    .1952550E+01    .0000000E+00    .5958041E+01
    .2312422E-02   -.1952550E+01    .2391184E-15    .5958041E+01
   -.1624118E-02    .3607843E+01    .0000000E+00    .4852010E+01
   -.1033551E-02   -.3461700E+01    .1016447E+01    .4852010E+01
   -.1033551E-02   -.3461700E+01   -.1016447E+01    .4852010E+01
   -.6973389E-02    .4713874E+01    .0000000E+00    .3196718E+01
   -.4933411E-02    .4247053E+01    .2045273E+01    .3196718E+01
   -.4933411E-02   -.4247053E+01    .2045273E+01    .3196718E+01
   -.6973389E-02   -.4713874E+01    .5772829E-15    .3196718E+01
   -.4933411E-02   -.4247053E+01   -.2045273E+01    .3196718E+01
   -.4933411E-02    .4247053E+01   -.2045273E+01    .3196718E+01
   -.1285111E-01    .5102260E+01    .0000000E+00    .1244167E+01
   -.1077529E-01    .4713874E+01    .1952550E+01    .1244167E+01
   -.5068181E-02    .3607843E+01    .3607843E+01    .1244167E+01
   -.5068181E-02   -.3607843E+01    .3607843E+01    .1244167E+01
   -.1077529E-01   -.4713874E+01    .1952550E+01    .1244167E+01
   -.1285111E-01   -.5102260E+01    .6248466E-15    .1244167E+01
   -.1077529E-01   -.4713874E+01   -.1952550E+01    .1244167E+01
   -.5068181E-02   -.3607843E+01   -.3607843E+01    .1244167E+01
   -.5068181E-02    .3607843E+01   -.3607843E+01    .1244167E+01
   -.1077529E-01    .4713874E+01   -.1952550E+01    .1244167E+01
   -.1285111E-01    .5102260E+01    .0000000E+00   -.1244167E+01
   -.1077529E-01    .4713874E+01    .1952550E+01   -.1244167E+01
   -.5068181E-02    .3607843E+01    .3607843E+01   -.1244167E+01
   -.5068181E-02   -.3607843E+01    .3607843E+01   -.1244167E+01
   -.1077529E-01   -.4713874E+01    .1952550E+01   -.1244167E+01
   -.1285111E-01   -.5102260E+01    .6248466E-15   -.1244167E+01
   -.1077529E-01   -.4713874E+01   -.1952550E+01   -.1244167E+01
   -.5068181E-02   -.3607843E+01   -.3607843E+01   -.1244167E+01
   -.5068181E-02    .3607843E+01   -.3607843E+01   -.1244167E+01
   -.1077529E-01    .4713874E+01   -.1952550E+01   -.1244167E+01
   -.6973389E-02    .4713874E+01    .0000000E+00   -.3196718E+01
   -.4933411E-02    .4247053E+01    .2045273E+01   -.3196718E+01
   -.4933411E-02   -.4247053E+01    .2045273E+01   -.3196718E+01
   -.6973389E-02   -.4713874E+01    .5772829E-15   -.3196718E+01
   -.4933411E-02   -.4247053E+01   -.2045273E+01   -.3196718E+01
   -.4933411E-02    .4247053E+01   -.2045273E+01   -.3196718E+01
   -.1624118E-02    .3607843E+01    .0000000E+00   -.4852010E+01
   -.1033551E-02   -.3461700E+01    .1016447E+01   -.4852010E+01
   -.1033551E-02   -.3461700E+01   -.1016447E+01   -.4852010E+01
    .2312422E-02    .1952550E+01    .0000000E+00   -.5958041E+01
    .2312422E-02   -.1952550E+01    .2391184E-15   -.5958041E+01
    .3823118E-02    .6248466E-15    .0000000E+00   -.6346427E+01
    .4429306E-02    .0000000E+00    .1727794E+01    .6397796E+01
    .2998953E-02    .2040904E+01    .1727794E+01    .5850937E+01
    .5033025E-02    .1020452E+01    .3495268E+01    .5850937E+01
    .5033025E-02   -.1020452E+01    .3495268E+01    .5850937E+01
    .2998953E-02   -.2040904E+01    .1727794E+01    .5850937E+01
    .2077455E-02    .2973789E+01    .3638932E+01    .4356892E+01
    .4943788E-02    .1468471E+01    .4943297E+01    .4356892E+01
    .5581176E-02   -.5030758E+00    .5226763E+01    .4356892E+01
    .3730176E-02   -.2314900E+01    .4399330E+01    .4356892E+01
    .2273738E-03   -.3391759E+01    .2723704E+01    .4356892E+01
   -.2637500E-02    .3614262E+01    .3624705E+01    .2315988E+01
    .2429377E-02    .2318731E+01    .5087056E+01    .2315988E+01
    .4681049E-02    .4920076E+00    .5779841E+01    .2315988E+01
    .3926428E-02   -.1447429E+01    .5544351E+01    .2315988E+01
    .2200793E-03   -.3055277E+01    .4434533E+01    .2315988E+01
    .2404363E-02    .1468471E+01    .4943297E+01    .2750835E+00
    .3941236E-02   -.5030758E+00    .5226763E+01    .2750835E+00
    .3941236E-02   -.5030758E+00   -.5226763E+01   -.2750835E+00
    .2404363E-02    .1468471E+01   -.4943297E+01   -.2750835E+00
    .2200793E-03   -.3055277E+01   -.4434533E+01   -.2315988E+01
    .3926428E-02   -.1447429E+01   -.5544351E+01   -.2315988E+01
    .4681049E-02    .4920076E+00   -.5779841E+01   -.2315988E+01
    .2429377E-02    .2318731E+01   -.5087056E+01   -.2315988E+01
   -.2637500E-02    .3614262E+01   -.3624705E+01   -.2315988E+01
    .2273738E-03   -.3391759E+01   -.2723704E+01   -.4356892E+01
    .3730176E-02   -.2314900E+01   -.4399330E+01   -.4356892E+01
    .5581176E-02   -.5030758E+00   -.5226763E+01   -.4356892E+01
    .4943788E-02    .1468471E+01   -.4943297E+01   -.4356892E+01
    .2077455E-02    .2973789E+01   -.3638932E+01   -.4356892E+01
    .2998953E-02    .2040904E+01   -.1727794E+01   -.5850937E+01
    .2998953E-02   -.2040904E+01   -.1727794E+01   -.5850937E+01
    .5033025E-02   -.1020452E+01   -.3495268E+01   -.5850937E+01
    .5033025E-02    .1020452E+01   -.3495268E+01   -.5850937E+01
    .4429306E-02    .4998772E-15   -.1727794E+01   -.6397796E+01
    .2404363E-02    .1468471E+01    .4943297E+01   -.2750835E+00
    .3941236E-02   -.5030758E+00    .5226763E+01   -.2750835E+00
   -.2637500E-02    .3614262E+01    .3624705E+01   -.2315988E+01
    .2429377E-02    .2318731E+01    .5087056E+01   -.2315988E+01
    .4681049E-02    .4920076E+00    .5779841E+01   -.2315988E+01
    .3926428E-02   -.1447429E+01    .5544351E+01   -.2315988E+01
    .2200793E-03   -.3055277E+01    .4434533E+01   -.2315988E+01
    .2077455E-02    .2973789E+01    .3638932E+01   -.4356892E+01
    .4943788E-02    .1468471E+01    .4943297E+01   -.4356892E+01
    .5581176E-02   -.5030758E+00    .5226763E+01   -.4356892E+01
    .3730176E-02   -.2314900E+01    .4399330E+01   -.4356892E+01
    .2273738E-03   -.3391759E+01    .2723704E+01   -.4356892E+01
    .2998953E-02    .2040904E+01    .1727794E+01   -.5850937E+01
    .5033025E-02    .1020452E+01    .3495268E+01   -.5850937E+01
    .5033025E-02   -.1020452E+01    .3495268E+01   -.5850937E+01
    .2998953E-02   -.2040904E+01    .1727794E+01   -.5850937E+01
    .4429306E-02    .4998772E-15    .1727794E+01   -.6397796E+01
    .4429306E-02    .0000000E+00   -.1727794E+01    .6397796E+01
    .2998953E-02    .2040904E+01   -.1727794E+01    .5850937E+01
    .2998953E-02   -.2040904E+01   -.1727794E+01    .5850937E+01
    .5033025E-02   -.1020452E+01   -.3495268E+01    .5850937E+01
    .5033025E-02    .1020452E+01   -.3495268E+01    .5850937E+01
    .2273738E-03   -.3391759E+01   -.2723704E+01    .4356892E+01
    .3730176E-02   -.2314900E+01   -.4399330E+01    .4356892E+01
    .5581176E-02   -.5030758E+00   -.5226763E+01    .4356892E+01
    .4943788E-02    .1468471E+01   -.4943297E+01    .4356892E+01
    .2077455E-02    .2973789E+01   -.3638932E+01    .4356892E+01
    .2200793E-03   -.3055277E+01   -.4434533E+01    .2315988E+01
    .3926428E-02   -.1447429E+01   -.5544351E+01    .2315988E+01
    .4681049E-02    .4920076E+00   -.5779841E+01    .2315988E+01
    .2429377E-02    .2318731E+01   -.5087056E+01    .2315988E+01
   -.2637500E-02    .3614262E+01   -.3624705E+01    .2315988E+01
    .3941236E-02   -.5030758E+00   -.5226763E+01    .2750835E+00
    .2404363E-02    .1468471E+01   -.4943297E+01    .2750835E+00
    .3141808E-02    .0000000E+00    .0000000E+00    .6913345E+01
    .2178935E-02    .1938973E+01    .0000000E+00    .6571452E+01
    .2178935E-02   -.1938973E+01    .2374557E-15    .6571452E+01
   -.4083831E-03    .3644077E+01    .0000000E+00    .5587010E+01
   -.3472653E-05   -.3496467E+01    .1026655E+01    .5587010E+01
   -.3472653E-05   -.3496467E+01   -.1026655E+01    .5587010E+01
   -.4006259E-02    .4909652E+01    .0000000E+00    .4078756E+01
   -.2701747E-02    .4485190E+01    .1996935E+01    .4078756E+01
   -.3680425E-02   -.4802364E+01    .1020774E+01    .4078756E+01
   -.3680425E-02   -.4802364E+01   -.1020774E+01    .4078756E+01
   -.2701747E-02    .4485190E+01   -.1996935E+01    .4078756E+01
   -.8012134E-02    .5583050E+01    .0000000E+00    .2228610E+01
   -.6707509E-02    .5206039E+01    .2016830E+01    .2228610E+01
   -.3025939E-02    .4125924E+01    .3761277E+01    .2228610E+01
   -.5125816E-02   -.4746805E+01    .2939097E+01    .2228610E+01
   -.7683066E-02   -.5487988E+01    .1025883E+01    .2228610E+01
   -.7683066E-02   -.5487988E+01   -.1025883E+01    .2228610E+01
   -.5125816E-02   -.4746805E+01   -.2939097E+01    .2228610E+01
   -.3025939E-02    .4125924E+01   -.3761277E+01    .2228610E+01
   -.6707509E-02    .5206039E+01   -.2016830E+01    .2228610E+01
   -.1156287E-01    .5583050E+01    .0000000E+00    .2597248E+00
   -.9919929E-02    .5206039E+01    .2016830E+01    .2597248E+00
   -.5481245E-02    .4125924E+01    .3761277E+01    .2597248E+00
    .4359916E-04    .2488580E+01    .4997742E+01    .2597248E+00
   -.2686156E-02   -.3364540E+01    .4455370E+01    .2597248E+00
   -.7977734E-02   -.4746805E+01    .2939097E+01    .2597248E+00
   -.1114494E-01   -.5487988E+01    .1025883E+01    .2597248E+00
   -.1114494E-01   -.5487988E+01   -.1025883E+01    .2597248E+00
   -.7977734E-02   -.4746805E+01   -.2939097E+01    .2597248E+00
   -.2686156E-02   -.3364540E+01   -.4455370E+01    .2597248E+00
    .4359916E-04    .2488580E+01   -.4997742E+01    .2597248E+00
   -.5481245E-02    .4125924E+01   -.3761277E+01    .2597248E+00
   -.9919929E-02    .5206039E+01   -.2016830E+01    .2597248E+00
   -.1156287E-01    .5583050E+01    .0000000E+00   -.2597248E+00
   -.9919929E-02    .5206039E+01    .2016830E+01   -.2597248E+00
   -.5481245E-02    .4125924E+01    .3761277E+01   -.2597248E+00
    .4359916E-04    .2488580E+01    .4997742E+01   -.2597248E+00
   -.2686156E-02   -.3364540E+01    .4455370E+01   -.2597248E+00
   -.7977734E-02   -.4746805E+01    .2939097E+01   -.2597248E+00
   -.1114494E-01   -.5487988E+01    .1025883E+01   -.2597248E+00
   -.1114494E-01   -.5487988E+01   -.1025883E+01   -.2597248E+00
   -.7977734E-02   -.4746805E+01   -.2939097E+01   -.2597248E+00
   -.2686156E-02   -.3364540E+01   -.4455370E+01   -.2597248E+00
    .4359916E-04    .2488580E+01   -.4997742E+01   -.2597248E+00
   -.5481245E-02    .4125924E+01   -.3761277E+01   -.2597248E+00
   -.9919929E-02    .5206039E+01   -.2016830E+01   -.2597248E+00
   -.8012134E-02    .5583050E+01    .0000000E+00   -.2228610E+01
   -.6707509E-02    .5206039E+01    .2016830E+01   -.2228610E+01
   -.3025939E-02    .4125924E+01    .3761277E+01   -.2228610E+01
   -.5125816E-02   -.4746805E+01    .2939097E+01   -.2228610E+01
   -.7683066E-02   -.5487988E+01    .1025883E+01   -.2228610E+01
   -.7683066E-02   -.5487988E+01   -.1025883E+01   -.2228610E+01
   -.5125816E-02   -.4746805E+01   -.2939097E+01   -.2228610E+01
   -.3025939E-02    .4125924E+01   -.3761277E+01   -.2228610E+01
   -.6707509E-02    .5206039E+01   -.2016830E+01   -.2228610E+01
   -.4006259E-02    .4909652E+01    .0000000E+00   -.4078756E+01
   -.2701747E-02    .4485190E+01    .1996935E+01   -.4078756E+01
   -.3680425E-02   -.4802364E+01    .1020774E+01   -.4078756E+01
   -.3680425E-02   -.4802364E+01   -.1020774E+01   -.4078756E+01
   -.2701747E-02    .4485190E+01   -.1996935E+01   -.4078756E+01
   -.4083831E-03    .3644077E+01    .0000000E+00   -.5587010E+01
   -.3472653E-05   -.3496467E+01    .1026655E+01   -.5587010E+01
   -.3472653E-05   -.3496467E+01   -.1026655E+01   -.5587010E+01
    .2178935E-02    .1938973E+01    .0000000E+00   -.6571452E+01
    .2178935E-02   -.1938973E+01    .2374557E-15   -.6571452E+01
    .3141808E-02    .6942739E-15    .0000000E+00   -.6913345E+01
    .3581442E-02    .0000000E+00    .1727794E+01    .6851330E+01
    .2668070E-02    .1967811E+01    .1727794E+01    .6402190E+01
    .3926092E-02    .9839057E+00    .3431968E+01    .6402190E+01
    .3926092E-02   -.9839057E+00    .3431968E+01    .6402190E+01
    .2668070E-02   -.1967811E+01    .1727794E+01    .6402190E+01
    .2051565E-02    .2982979E+01    .3644838E+01    .5143727E+01
    .3973660E-02    .1473009E+01    .4953234E+01    .5143727E+01
    .4412327E-02   -.5046304E+00    .5237575E+01    .5143727E+01
    .3149062E-02   -.2322053E+01    .4407586E+01    .5143727E+01
    .8672129E-03   -.3402241E+01    .2726782E+01    .5143727E+01
   -.1234355E-02    .3983753E+01    .3646268E+01    .3325196E+01
    .2060174E-02    .2756842E+01    .5184765E+01    .3325196E+01
    .3863125E-02    .9839057E+00    .6038566E+01    .3325196E+01
    .3863125E-02   -.9839057E+00    .6038566E+01    .3325196E+01
    .2060174E-02   -.2756842E+01    .5184765E+01    .3325196E+01
   -.1234355E-02   -.3983753E+01    .3646268E+01    .3325196E+01
    .4284765E-03    .2756842E+01    .5184765E+01    .1306779E+01
    .3093670E-02    .9839057E+00    .6038566E+01    .1306779E+01
    .3093670E-02   -.9839057E+00    .6038566E+01    .1306779E+01
    .4284765E-03   -.2756842E+01    .5184765E+01    .1306779E+01
    .4284765E-03   -.2756842E+01   -.5184765E+01   -.1306779E+01
    .3093670E-02   -.9839057E+00   -.6038566E+01   -.1306779E+01
    .3093670E-02    .9839057E+00   -.6038566E+01   -.1306779E+01
    .4284765E-03    .2756842E+01   -.5184765E+01   -.1306779E+01
   -.1234355E-02   -.3983753E+01   -.3646268E+01   -.3325196E+01
    .2060174E-02   -.2756842E+01   -.5184765E+01   -.3325196E+01
    .3863125E-02   -.9839057E+00   -.6038566E+01   -.3325196E+01
    .3863125E-02    .9839057E+00   -.6038566E+01   -.3325196E+01
    .2060174E-02    .2756842E+01   -.5184765E+01   -.3325196E+01
   -.1234355E-02    .3983753E+01   -.3646268E+01   -.3325196E+01
    .8672129E-03   -.3402241E+01   -.2726782E+01   -.5143727E+01
    .3149062E-02   -.2322053E+01   -.4407586E+01   -.5143727E+01
    .4412327E-02   -.5046304E+00   -.5237575E+01   -.5143727E+01
    .3973660E-02    .1473009E+01   -.4953234E+01   -.5143727E+01
    .2051565E-02    .2982979E+01   -.3644838E+01   -.5143727E+01
    .2668070E-02    .1967811E+01   -.1727794E+01   -.6402190E+01
    .2668070E-02   -.1967811E+01   -.1727794E+01   -.6402190E+01
    .3926092E-02   -.9839057E+00   -.3431968E+01   -.6402190E+01
    .3926092E-02    .9839057E+00   -.3431968E+01   -.6402190E+01
    .3581442E-02    .5554192E-15   -.1727794E+01   -.6851330E+01
    .4284765E-03    .2756842E+01    .5184765E+01   -.1306779E+01
    .3093670E-02    .9839057E+00    .6038566E+01   -.1306779E+01
    .3093670E-02   -.9839057E+00    .6038566E+01   -.1306779E+01
    .4284765E-03   -.2756842E+01    .5184765E+01   -.1306779E+01
   -.1234355E-02    .3983753E+01    .3646268E+01   -.3325196E+01
    .2060174E-02    .2756842E+01    .5184765E+01   -.3325196E+01
    .3863125E-02    .9839057E+00    .6038566E+01   -.3325196E+01
    .3863125E-02   -.9839057E+00    .6038566E+01   -.3325196E+01
    .2060174E-02   -.2756842E+01    .5184765E+01   -.3325196E+01
   -.1234355E-02   -.3983753E+01    .3646268E+01   -.3325196E+01
    .2051565E-02    .2982979E+01    .3644838E+01   -.5143727E+01
    .3973660E-02    .1473009E+01    .4953234E+01   -.5143727E+01
    .4412327E-02   -.5046304E+00    .5237575E+01   -.5143727E+01
    .3149062E-02   -.2322053E+01    .4407586E+01   -.5143727E+01
    .8672129E-03   -.3402241E+01    .2726782E+01   -.5143727E+01
    .2668070E-02    .1967811E+01    .1727794E+01   -.6402190E+01
    .3926092E-02    .9839057E+00    .3431968E+01   -.6402190E+01
    .3926092E-02   -.9839057E+00    .3431968E+01   -.6402190E+01
    .2668070E-02   -.1967811E+01    .1727794E+01   -.6402190E+01
    .3581442E-02    .5554192E-15    .1727794E+01   -.6851330E+01
    .3581442E-02    .0000000E+00   -.1727794E+01    .6851330E+01
    .2668070E-02    .1967811E+01   -.1727794E+01    .6402190E+01
    .2668070E-02   -.1967811E+01   -.1727794E+01    .6402190E+01
    .3926092E-02   -.9839057E+00   -.3431968E+01    .6402190E+01
    .3926092E-02    .9839057E+00   -.3431968E+01    .6402190E+01
    .8672129E-03   -.3402241E+01   -.2726782E+01    .5143727E+01
    .3149062E-02   -.2322053E+01   -.4407586E+01    .5143727E+01
    .4412327E-02   -.5046304E+00   -.5237575E+01    .5143727E+01
    .3973660E-02    .1473009E+01   -.4953234E+01    .5143727E+01
    .2051565E-02    .2982979E+01   -.3644838E+01    .5143727E+01
   -.1234355E-02   -.3983753E+01   -.3646268E+01    .3325196E+01
    .2060174E-02   -.2756842E+01   -.5184765E+01    .3325196E+01
    .3863125E-02   -.9839057E+00   -.6038566E+01    .3325196E+01
    .3863125E-02    .9839057E+00   -.6038566E+01    .3325196E+01
    .2060174E-02    .2756842E+01   -.5184765E+01    .3325196E+01
   -.1234355E-02    .3983753E+01   -.3646268E+01    .3325196E+01
    .4284765E-03   -.2756842E+01   -.5184765E+01    .1306779E+01
    .3093670E-02   -.9839057E+00   -.6038566E+01    .1306779E+01
    .3093670E-02    .9839057E+00   -.6038566E+01    .1306779E+01
    .4284765E-03    .2756842E+01   -.5184765E+01    .1306779E+01
