Run semi-empirical minimization
 &qmmm
    qm_theory='AM1', grms_tol=0.0005,
  scfconv=1.d-10,   qmcharge=0,
 /
   6     C       60.2470        9.3310        6.0650 
   6    C1       59.6280        8.6160        7.2560 
   7     N       59.4680        9.5430        8.4670 
   6    C2       58.0060        9.7500        8.8380 
   6    C3       57.2280       10.5020        7.7670 
   6    C4       60.3000        9.0570        9.6410 
   6    C5       61.4710       10.0170        9.9360 
   8     O       61.0390       11.0980       10.7430 
   6    C6       61.2510       12.3520       10.1920 
   8    O1       62.3100       12.9370       10.3810 
   6    C7       60.1160       12.8390        9.4240 
   6    C8       58.8770       13.1700       10.0100 
   6    C9       57.8280       13.6250        9.2340 
   6   C10       57.9770       13.7680        7.8340 
   6   C11       59.2200       13.4340        7.2470 
   6   C12       60.2630       12.9800        8.0290 
   7    N1       56.9520       14.2500        7.0700 
   1     H       57.0020       14.1760        6.0650 
   1    H1       59.8310       10.4620        8.1870 
   1    H2       56.0230       14.3100        7.4600 
   1    H3       60.4280       10.2820        6.3150 
   1    H4       61.1020        8.8820        5.8070 
   1    H5       59.6160        9.3010        5.2890 
   1    H6       58.7290        8.2670        6.9950 
   1    H7       60.2140        7.8460        7.5120 
   1    H8       57.5790        8.8560        8.9770 
   1    H9       57.9620       10.2680        9.6920 
   1   H10       57.8430       10.7190        7.0090 
   1   H11       56.4740        9.9340        7.4360 
   1   H12       56.8550       11.3460        8.1520 
   1   H13       60.6650        8.1500        9.4300 
   1   H14       59.7180        8.9940       10.4510 
   1   H15       61.8320       10.3710        9.0730 
   1   H16       62.1950        9.5180       10.4120 
   1   H17       58.7550       13.0740       10.9980 
   1   H18       56.9560       13.8550        9.6660 
   1   H19       59.3440       13.5270        6.2590 
   1   H20       61.1360       12.7490        7.6000 

