@<TRIPOS>MOLECULE
procaina.log.dock.pdb
   38    38     1     0     0
SMALL
wc


@<TRIPOS>ATOM
      1 C          60.2470    9.3310    6.0650 c3        1 LIG     -0.129600
      2 C1         59.6280    8.6160    7.2560 c3        1 LIG      0.113300
      3 N          59.4680    9.5430    8.4670 n4        1 LIG     -0.681400
      4 C2         58.0060    9.7500    8.8380 c3        1 LIG      0.113300
      5 C3         57.2280   10.5020    7.7670 c3        1 LIG     -0.129600
      6 C4         60.3000    9.0570    9.6410 c3        1 LIG      0.078800
      7 C5         61.4710   10.0170    9.9360 c3        1 LIG      0.130400
      8 O          61.0390   11.0980   10.7430 os        1 LIG     -0.464900
      9 C6         61.2510   12.3520   10.1920 c         1 LIG      0.679700
     10 O1         62.3100   12.9370   10.3810 o         1 LIG     -0.602000
     11 C7         60.1160   12.8390    9.4240 ca        1 LIG     -0.254600
     12 C8         58.8770   13.1700   10.0100 ca        1 LIG      0.001000
     13 C9         57.8280   13.6250    9.2340 ca        1 LIG     -0.241000
     14 C10        57.9770   13.7680    7.8340 ca        1 LIG      0.268600
     15 C11        59.2200   13.4340    7.2470 ca        1 LIG     -0.241000
     16 C12        60.2630   12.9800    8.0290 ca        1 LIG      0.001000
     17 N1         56.9520   14.2500    7.0700 nh        1 LIG     -0.854200
     18 H          57.0020   14.1760    6.0650 hn        1 LIG      0.445300
     19 H1         59.8310   10.4620    8.1870 hn        1 LIG      0.465800
     20 H2         56.0230   14.3100    7.4600 hn        1 LIG      0.445300
     21 H3         60.4280   10.2820    6.3150 hc        1 LIG      0.076700
     22 H4         61.1020    8.8820    5.8070 hc        1 LIG      0.076700
     23 H5         59.6160    9.3010    5.2890 hc        1 LIG      0.076700
     24 H6         58.7290    8.2670    6.9950 hx        1 LIG      0.097900
     25 H7         60.2140    7.8460    7.5120 hx        1 LIG      0.097900
     26 H8         57.5790    8.8560    8.9770 hx        1 LIG      0.097900
     27 H9         57.9620   10.2680    9.6920 hx        1 LIG      0.097900
     28 H10        57.8430   10.7190    7.0090 hc        1 LIG      0.076700
     29 H11        56.4740    9.9340    7.4360 hc        1 LIG      0.076700
     30 H12        56.8550   11.3460    8.1520 hc        1 LIG      0.076700
     31 H13        60.6650    8.1500    9.4300 hx        1 LIG      0.110200
     32 H14        59.7180    8.9940   10.4510 hx        1 LIG      0.110200
     33 H15        61.8320   10.3710    9.0730 h1        1 LIG      0.092200
     34 H16        62.1950    9.5180   10.4120 h1        1 LIG      0.092200
     35 H17        58.7550   13.0740   10.9980 ha        1 LIG      0.151000
     36 H18        56.9560   13.8550    9.6660 ha        1 LIG      0.150500
     37 H19        59.3440   13.5270    6.2590 ha        1 LIG      0.150500
     38 H20        61.1360   12.7490    7.6000 ha        1 LIG      0.151000
@<TRIPOS>BOND
     1    1    2 1   
     2    1   21 1   
     3    1   22 1   
     4    1   23 1   
     5    2    3 1   
     6    2   24 1   
     7    2   25 1   
     8    3    4 1   
     9    3    6 1   
    10    3   19 1   
    11    4    5 1   
    12    4   26 1   
    13    4   27 1   
    14    5   28 1   
    15    5   29 1   
    16    5   30 1   
    17    6    7 1   
    18    6   31 1   
    19    6   32 1   
    20    7    8 1   
    21    7   33 1   
    22    7   34 1   
    23    8    9 1   
    24    9   10 2   
    25    9   11 1   
    26   11   12 ar  
    27   11   16 ar  
    28   12   13 ar  
    29   12   35 1   
    30   13   14 ar  
    31   13   36 1   
    32   14   15 ar  
    33   14   17 1   
    34   15   16 ar  
    35   15   37 1   
    36   16   38 1   
    37   17   18 1   
    38   17   20 1   
@<TRIPOS>SUBSTRUCTURE
     1 LIG         1 TEMP              0 ****  ****    0 ROOT
